170 157 206 193 
170 157 206 193 
264 98 281 123 168 160 205 194 
264 98 281 123 168 160 205 194 
171 155 206 189 
170 152 208 184 
170 152 208 184 
170 149 208 182 
173 146 208 180 
173 146 208 180 
266 99 283 123 174 144 209 177 
266 99 283 123 174 144 209 177 
175 142 211 174 
175 138 211 172 
175 138 211 172 
270 98 298 124 176 135 212 169 
271 98 298 124 177 133 213 166 
271 98 298 124 177 133 213 166 
178 132 213 163 
178 132 213 163 
177 128 214 161 
269 100 284 123 179 126 213 158 
269 100 284 123 179 126 213 158 
269 100 284 124 181 124 215 155 
182 121 215 154 
182 121 215 154 
278 99 299 124 182 120 215 151 
278 99 299 124 182 120 215 151 
182 118 216 147 
183 116 217 144 
183 116 217 144 
272 101 288 126 185 113 218 142 
273 102 288 126 186 111 219 141 
273 102 288 126 186 111 219 141 
274 105 287 126 187 109 220 139 
274 105 287 126 187 109 220 139 
188 109 220 137 
318 113 356 137 280 105 301 128 187 106 222 134 
318 113 356 137 280 105 301 128 187 106 222 134 
318 111 354 136 189 104 223 133 
276 106 287 128 322 109 351 136 190 102 223 131 
276 106 287 128 322 109 351 136 190 102 223 131 
275 105 288 130 321 107 352 134 191 100 223 128 
275 105 288 130 321 107 352 134 191 100 223 128 
276 105 288 129 321 105 351 132 192 98 224 126 
276 108 288 128 321 103 351 131 193 97 224 124 
276 108 288 128 321 103 351 131 193 97 224 124 
320 102 351 128 192 96 224 123 
321 99 351 127 194 94 226 121 
321 99 351 127 194 94 226 121 
275 108 293 131 195 92 226 119 321 97 351 126 
275 108 293 131 195 92 226 119 321 97 351 126 
275 108 295 133 195 90 226 117 320 97 351 124 
275 108 296 133 196 88 226 116 321 96 350 122 
275 108 296 133 196 88 226 116 321 96 350 122 
320 94 350 121 197 86 227 114 
197 85 228 113 320 93 350 119 
197 85 228 113 320 93 350 119 
277 111 305 136 163 343 200 368 321 91 350 118 198 85 229 111 
277 111 305 136 163 343 200 368 321 91 350 118 198 85 229 111 
168 340 198 368 320 89 350 116 199 83 230 110 
279 114 295 134 321 87 349 115 199 82 231 108 
279 114 295 134 321 87 349 115 199 82 231 108 
167 333 205 368 200 82 232 107 320 86 350 113 
171 330 202 365 200 81 232 106 320 85 350 112 
171 330 202 365 200 81 232 106 320 85 350 112 
281 117 295 137 171 327 203 365 202 79 232 105 320 85 349 111 
281 117 295 137 171 327 203 365 202 79 232 105 320 85 349 111 
172 325 203 364 203 78 233 103 321 84 349 110 
173 322 206 359 204 77 233 102 321 84 348 110 
173 322 206 359 204 77 233 102 321 84 348 110 
175 319 207 356 204 76 234 101 320 83 348 109 
177 317 207 353 205 76 234 101 320 82 348 107 
177 317 207 353 205 76 234 101 320 82 348 107 
177 315 209 350 205 75 235 100 320 81 348 106 
177 315 209 350 205 75 235 100 320 81 348 106 
176 311 210 347 321 79 347 105 206 74 235 99 
178 309 210 344 321 79 347 104 207 74 234 98 
178 309 210 344 321 79 347 104 207 74 234 98 
179 306 211 342 321 77 347 103 209 72 236 97 
180 304 211 339 320 76 348 102 209 72 236 97 
180 304 211 339 320 76 348 102 209 72 236 97 
183 302 213 335 320 75 348 101 209 71 237 96 
183 302 213 335 320 75 348 101 209 71 237 96 
183 300 214 332 320 74 348 99 209 70 237 94 
183 298 214 329 210 68 237 94 320 74 348 98 
183 298 214 329 210 68 237 94 320 74 348 98 
184 295 214 328 211 68 237 93 320 74 347 98 
185 293 215 325 211 67 238 92 321 72 347 98 
185 293 215 325 211 67 238 92 321 72 347 98 
187 292 215 323 212 66 238 90 321 71 347 97 
187 292 215 323 212 66 238 90 321 71 347 97 
188 288 217 319 213 65 239 89 321 71 347 97 
189 286 218 317 213 64 239 88 320 70 347 95 
189 286 218 317 213 64 239 88 320 70 347 95 
190 284 219 316 213 63 240 87 320 69 347 95 
190 282 219 313 213 63 242 86 320 67 347 94 
190 282 219 313 213 63 242 86 320 67 347 94 
214 62 242 85 191 280 221 311 320 67 346 93 
214 62 242 85 191 280 221 311 320 67 346 93 
215 62 242 85 191 279 221 308 321 66 346 92 
192 276 221 306 216 60 243 85 321 65 346 91 
192 276 221 306 216 60 243 85 321 65 346 91 
193 274 221 305 321 65 346 90 217 60 244 85 
194 272 222 303 321 64 346 89 217 59 244 84 
194 272 222 303 321 64 346 89 217 59 244 84 
194 271 222 300 320 63 346 89 218 59 245 84 
194 271 222 300 320 63 346 89 218 59 245 84 
196 269 224 299 320 62 346 88 218 59 245 84 
197 269 224 297 320 61 346 88 219 58 245 83 
197 269 224 297 320 61 346 88 219 58 245 83 
197 267 225 294 320 61 346 88 219 57 246 83 
199 264 225 292 320 60 346 87 219 57 246 83 
199 264 225 292 320 60 346 87 219 57 246 83 
200 262 226 291 320 60 346 87 219 57 246 82 
200 262 226 291 320 60 346 87 219 57 246 82 
201 260 226 289 322 60 345 86 220 57 246 81 
201 258 227 287 322 59 345 86 222 55 247 80 
201 258 227 287 322 59 345 86 222 55 247 80 
201 258 228 286 321 58 345 86 223 54 247 80 
202 257 229 284 320 59 344 84 223 54 247 79 
202 257 229 284 320 59 344 84 223 54 247 79 
202 255 230 281 319 59 344 84 224 53 248 79 
202 255 230 281 319 59 344 84 224 53 248 79 
203 253 230 280 319 58 344 84 224 53 248 77 
204 251 231 279 319 58 344 83 224 52 249 76 
204 251 231 279 319 58 344 83 224 52 249 76 
205 249 231 278 224 52 249 75 319 58 344 83 
205 248 231 276 224 51 249 75 319 57 344 82 
205 248 231 276 224 51 249 75 319 57 344 82 
205 247 232 274 224 51 249 74 319 57 344 81 
205 247 232 274 224 51 249 74 319 57 344 81 
206 246 232 273 225 50 250 74 319 56 344 80 
208 245 232 272 225 50 250 74 319 56 344 79 
208 245 232 272 225 50 250 74 319 56 344 79 
208 244 233 270 226 50 250 73 319 55 343 79 
208 243 233 268 226 50 250 73 319 55 343 78 
208 243 233 268 226 50 250 73 319 55 343 78 
210 241 234 266 227 49 250 73 319 54 343 77 
210 241 234 266 227 49 250 73 319 54 343 77 
211 239 235 265 228 48 251 73 318 53 344 76 
211 238 235 263 228 48 251 72 318 52 344 75 
211 238 235 263 228 48 251 72 318 52 344 75 
210 236 235 261 228 47 252 70 318 52 344 75 
210 235 236 261 229 47 252 69 319 51 343 74 
210 235 236 261 229 47 252 69 319 51 343 74 
211 234 236 260 319 50 343 73 229 47 252 68 
211 234 236 260 319 50 343 73 229 46 252 68 
211 233 236 259 319 50 343 73 229 46 252 68 
212 231 237 258 320 50 343 73 230 45 252 67 
212 231 237 258 320 50 343 73 230 45 252 67 
213 231 236 257 320 49 343 72 230 45 252 66 
213 230 237 256 320 48 343 72 230 44 252 66 
213 230 237 256 320 48 343 72 230 44 252 66 
214 228 237 255 320 47 343 72 230 44 252 65 
214 228 237 255 320 47 343 72 230 44 252 65 
215 227 237 253 320 46 343 72 231 43 252 65 
215 226 238 251 231 42 253 64 320 46 343 71 
215 226 238 251 231 42 253 64 320 46 343 71 
215 225 238 250 231 41 253 63 320 46 343 70 
215 224 238 249 231 40 254 63 319 46 343 69 
215 224 238 249 231 40 254 63 319 46 343 69 
215 223 238 248 231 40 254 62 320 45 343 69 
215 223 238 248 231 40 254 62 320 45 343 69 
215 222 239 247 232 40 254 62 320 45 343 68 
214 221 240 247 319 44 342 67 232 40 254 61 
214 221 240 247 319 44 342 67 232 40 254 61 
215 221 240 246 319 44 342 67 232 39 255 61 
217 220 240 245 232 39 255 61 320 44 342 66 
217 220 240 245 232 39 255 61 320 44 342 66 
217 219 240 244 232 39 255 60 320 43 342 65 
216 219 240 244 232 39 255 60 320 43 342 65 
216 219 241 244 232 39 255 60 319 42 342 64 
216 218 241 243 232 37 255 60 319 41 342 64 
216 218 241 243 232 37 255 60 319 41 342 64 
217 218 241 242 232 36 255 59 319 40 342 63 
217 216 240 241 232 35 255 59 319 40 342 62 
217 216 240 241 232 35 255 59 319 40 342 62 
217 215 239 241 319 39 342 61 232 35 255 58 
217 215 239 241 319 39 342 61 232 35 255 58 
217 215 240 240 320 39 342 61 232 35 255 58 
217 215 240 240 320 38 342 61 232 34 255 57 
217 215 240 240 320 38 342 61 232 34 255 57 
216 214 240 239 320 38 342 60 232 34 255 57 
216 214 240 239 320 37 342 60 232 34 255 56 
216 214 240 239 320 37 342 60 232 34 255 56 
217 214 240 239 320 37 342 60 232 34 255 56 
217 214 240 239 320 37 342 60 232 34 255 56 
217 214 240 239 320 37 342 60 232 34 255 56 
216 214 240 239 320 37 342 60 232 34 255 56 
216 214 240 239 320 37 342 60 232 34 255 56 
217 214 240 239 320 37 342 60 232 34 255 56 
217 213 240 239 320 37 342 60 232 34 255 56 
217 213 240 239 320 37 342 60 232 34 255 56 
216 213 240 239 320 37 342 60 232 34 255 56 
216 213 240 239 320 37 342 60 232 34 255 56 
216 213 240 239 320 37 342 60 232 34 255 56 
216 213 240 239 320 37 342 60 232 34 255 56 
216 213 240 239 320 37 342 60 232 34 255 56 
216 213 240 239 320 37 342 60 232 34 255 56 
216 213 240 239 320 37 342 60 232 34 255 56 
216 213 240 239 320 37 342 60 232 34 255 56 
216 214 240 239 320 37 342 60 232 34 255 56 
217 213 240 239 320 37 342 60 232 34 255 56 
216 213 240 239 320 37 342 60 232 34 255 56 
216 213 240 238 320 37 342 60 232 34 255 56 
217 213 240 238 320 37 342 60 232 34 255 56 
217 213 240 238 320 37 342 60 232 34 255 56 
217 213 240 238 320 37 342 60 232 34 255 56 
217 213 240 238 320 37 342 60 232 34 255 56 
217 213 240 238 320 37 342 60 232 34 255 56 
217 213 240 238 320 37 342 60 232 34 255 56 
217 213 240 238 320 37 342 60 232 34 255 56 
217 213 240 238 320 37 342 60 232 34 255 56 
217 213 240 238 320 37 342 60 232 34 255 56 
217 213 240 238 320 37 342 60 232 34 255 56 
217 213 240 238 320 37 342 60 232 34 255 56 
217 213 240 238 320 37 342 60 232 34 255 56 
217 213 240 238 320 37 342 60 232 34 255 56 
217 213 240 238 320 37 342 60 232 34 255 56 
217 213 240 238 320 37 342 60 232 34 255 56 
217 213 240 238 320 37 342 60 232 34 255 56 
217 213 240 238 320 37 342 60 232 34 255 56 
217 213 240 238 320 37 342 60 232 34 255 56 
217 213 240 238 320 38 342 60 232 34 255 56 
217 213 240 238 320 37 342 60 232 34 255 56 
217 213 240 238 320 37 342 60 232 34 255 56 
217 213 240 238 320 37 342 60 232 34 255 56 
217 213 240 238 320 37 342 60 232 34 255 56 
217 213 240 238 320 37 342 60 232 34 255 56 
217 213 240 238 320 37 342 60 232 34 255 56 
217 213 240 238 320 37 342 60 232 34 255 56 
217 213 240 238 320 38 342 60 232 34 255 56 
217 213 240 238 320 38 342 60 232 34 255 56 
217 213 240 238 320 38 342 60 232 34 255 56 
217 213 240 238 320 38 342 60 232 34 255 56 
217 213 240 238 320 38 342 60 232 34 255 56 
217 213 240 238 320 38 342 60 232 34 255 56 
217 213 240 238 320 38 342 60 232 34 255 56 
217 213 240 238 320 38 342 60 232 34 255 56 
217 213 240 238 320 38 342 60 232 34 255 56 
217 213 240 238 320 38 342 60 232 34 255 56 
217 213 240 238 320 38 342 60 232 34 255 56 
217 213 240 238 320 38 342 60 232 34 255 56 
217 213 240 238 320 38 342 60 232 34 255 56 
217 213 240 238 320 38 342 60 232 34 255 56 
217 213 240 238 320 38 342 60 232 34 255 56 
217 213 240 238 320 38 342 60 232 34 255 56 
217 213 240 238 320 38 342 60 232 34 255 56 
217 213 240 238 320 38 342 60 232 34 255 56 
217 213 240 238 320 38 342 60 232 34 255 57 
217 213 240 238 320 38 342 60 232 34 255 57 
217 213 240 238 320 38 342 60 232 34 255 57 
217 213 240 238 320 38 342 60 232 34 255 57 
217 213 240 238 320 38 342 60 232 34 255 57 
217 213 240 238 320 38 342 60 232 34 255 57 
217 213 240 238 320 38 342 60 232 34 255 57 
216 213 240 238 320 38 342 60 232 34 255 57 
216 213 240 238 320 38 342 60 232 34 255 57 
216 213 240 238 320 38 342 60 232 34 255 57 
216 213 240 238 320 38 342 60 232 34 255 57 
216 213 240 238 320 38 342 60 232 34 255 57 
216 213 240 238 320 38 342 60 232 34 255 57 
216 213 240 238 320 38 342 60 232 34 255 57 
217 213 240 238 320 38 342 60 232 34 255 57 
217 213 240 238 320 38 342 60 232 34 255 57 
216 213 240 238 320 38 342 60 232 34 255 57 
217 213 240 238 320 38 342 60 232 34 255 57 
217 213 240 238 320 38 342 60 232 34 255 57 
216 213 240 238 320 38 342 60 232 34 255 57 
216 214 240 238 320 38 342 60 232 34 255 57 
216 214 240 238 320 38 342 60 232 34 255 57 
216 214 240 238 320 38 342 60 232 34 255 57 
216 214 240 238 320 38 342 60 232 34 255 57 
216 214 240 238 320 38 342 60 232 34 255 57 
216 214 240 238 320 38 342 60 232 34 255 57 
216 214 240 238 320 38 342 60 232 34 255 57 
216 214 240 238 320 38 342 60 232 34 255 57 
216 214 240 238 320 38 342 60 232 34 255 57 
216 214 240 238 320 38 342 60 232 34 255 57 
216 214 240 238 320 38 342 60 232 34 255 57 
216 214 240 238 320 38 342 60 232 34 255 57 
216 214 240 238 320 38 342 60 232 34 255 57 
216 214 240 238 320 38 342 60 232 34 255 57 
216 214 240 238 320 38 342 60 232 34 255 57 
217 214 240 238 320 38 342 60 232 34 255 57 
216 214 240 238 320 38 342 60 232 34 255 57 
216 214 240 238 320 38 342 60 232 34 255 57 
216 214 240 238 320 38 342 60 232 34 255 57 
216 214 240 238 320 38 342 60 232 34 255 57 
216 214 240 238 320 38 342 60 232 34 255 57 
217 214 240 238 320 38 342 60 232 34 255 57 
216 214 240 238 320 38 342 60 232 34 255 57 
216 214 240 238 320 38 342 60 232 34 255 57 
216 214 240 238 320 38 342 60 232 34 255 57 
216 214 240 238 320 38 342 60 232 34 255 57 
216 214 240 238 320 38 342 60 232 34 255 57 
216 214 240 238 320 38 342 60 232 34 255 57 
216 214 240 238 320 38 342 60 232 34 255 57 
216 214 240 238 320 38 342 60 232 34 255 57 
312 204 329 227 216 214 240 238 320 38 342 60 232 34 255 57 
309 204 329 227 216 214 240 238 320 38 342 60 232 34 255 57 
309 204 329 227 216 214 240 238 320 38 342 60 232 34 255 57 
217 213 240 238 307 204 330 227 320 38 342 60 232 34 255 57 
217 214 240 238 306 203 330 226 320 38 342 60 232 34 255 57 
217 214 240 238 306 203 330 226 320 38 342 60 232 34 255 57 
217 213 240 238 307 203 330 226 320 38 342 60 232 34 255 57 
217 213 240 238 307 203 330 226 320 38 342 60 232 34 255 57 
217 214 240 238 306 203 330 227 320 38 342 60 232 34 255 57 
217 214 240 238 306 203 330 226 320 38 342 60 232 34 255 57 
217 214 240 238 306 203 330 226 320 38 342 60 232 34 255 57 
217 214 240 238 306 203 330 227 320 38 342 60 232 34 255 57 
217 214 240 238 306 202 330 227 320 38 342 60 232 34 255 57 
217 214 240 238 306 202 330 227 320 38 342 60 232 34 255 57 
217 214 240 238 306 202 330 227 320 38 342 60 232 34 255 57 
217 214 240 238 306 202 330 227 320 38 342 60 232 34 255 57 
