010276.jpg 612,318,661,361,0.9998578
010885.jpg 364,345,419,391,0.9975172
011570.jpg 434,329,480,373,0.99899656
012173.jpg 432,234,488,286,0.99808645
013034.jpg 248,607,306,660,0.9990025
016096.jpg 770,78,811,133,0.9586709
017869.jpg 803,356,856,404,0.9996028
020069.jpg 833,163,886,215,0.9990253
021150.jpg 704,180,755,228,0.9991352
021727.jpg 705,213,751,263,0.8030304
027315.jpg 621,380,664,429,0.99930495
029257.jpg 623,373,663,414,0.9994025 479,38,522,83,0.9997212 611,99,655,141,0.9998293
030392.jpg 458,442,503,486,0.9995236 480,49,522,91,0.9997756 622,378,664,422,0.9999192 612,110,654,154,0.999951
031804.jpg 502,409,548,457,0.9989783 438,446,484,490,0.99950254 624,359,665,405,0.99965584 614,90,658,135,0.999796 484,29,524,71,0.99987125
034745.jpg 490,368,535,412,0.99981105 623,353,662,397,0.9998795 543,34,585,77,0.9999409 612,97,653,138,0.9999523
035260.jpg 490,368,534,409,0.9997595 622,353,663,394,0.9998182 614,96,652,137,0.99991655 545,33,584,73,0.9999291
037368.jpg 354,511,403,558,0.99382496 475,381,523,429,0.9993586 622,324,668,369,0.9995559 562,34,604,78,0.9999317 608,55,650,101,0.9999505
038173.jpg 360,515,407,563,0.997609 623,324,667,371,0.9993793 476,381,524,428,0.9995546 562,36,605,81,0.9998518 608,56,650,103,0.9999479
039099.jpg 388,466,430,509,0.99906296 558,39,593,82,0.99971014 600,13,637,57,0.9997534 491,343,535,385,0.99984
040425.jpg 369,505,415,555,0.9990778 486,333,534,380,0.99922025 595,18,639,65,0.9998766 548,45,592,90,0.9999428
043596.jpg 389,483,432,528,0.9975049 477,257,518,300,0.9994931 558,55,593,99,0.99990296 599,29,639,75,0.9999504
044594.jpg 389,482,433,528,0.9979956 477,257,518,300,0.9995788 558,57,594,100,0.9998641 599,30,638,76,0.99996936
046993.jpg 373,508,418,558,0.99637395 468,270,511,314,0.9996623 581,396,624,436,0.99983716 555,57,595,103,0.99991584 599,30,641,78,0.999962
048489.jpg 266,315,318,362,0.99808496 267,608,318,658,0.9982918 450,135,495,187,0.9985927
049510.jpg 473,276,516,319,0.9992176 314,433,352,474,0.9994225 546,40,583,82,0.99952567 597,44,639,87,0.9995984
049930.jpg 576,602,635,665,0.99433655 156,238,218,295,0.9981241 197,120,261,178,0.9988206
055472.jpg 617,45,659,86,0.9993184
056469.jpg 615,360,661,407,0.9995492 616,33,660,77,0.9998617
057471.jpg 618,17,660,62,0.9988896 598,281,643,329,0.99953514 614,349,660,394,0.99991524
059867.jpg 593,209,629,256,0.997038 602,270,647,313,0.9988843 777,492,819,534,0.99960613 619,332,657,377,0.99973327 618,34,658,73,0.99979967
060900.jpg 598,241,638,279,0.9720451 605,281,646,320,0.9880697 620,336,657,379,0.9996222 618,36,658,77,0.99977547 777,494,818,535,0.99982333
061713.jpg 595,252,640,295,0.9977313 781,518,826,561,0.9990838 489,354,535,399,0.99951255 617,355,659,398,0.99988556 577,26,620,66,0.9999378
063657.jpg 852,524,898,564,0.99612355 596,254,640,296,0.998229 777,512,819,554,0.99840784 494,354,537,396,0.9990451 581,37,623,77,0.99994266
065044.jpg 600,241,638,280,0.9909546 846,503,895,546,0.99477315 773,492,817,531,0.9989757 602,372,643,411,0.99987185 584,24,622,63,0.9999101
066465.jpg 554,113,591,159,0.9133084 598,285,638,330,0.9945637 864,566,912,609,0.99717736 783,553,830,600,0.99965703 599,427,643,470,0.9998085 576,58,623,100,0.9999542
067463.jpg 676,635,722,680,0.99325925 815,554,864,606,0.99820447 590,208,636,254,0.9991686 597,356,641,400,0.99972016 343,135,389,181,0.99987435
069437.jpg 680,603,732,650,0.99750024 831,515,886,564,0.99803066 584,123,633,169,0.998571 413,454,465,506,0.99931973 590,287,644,337,0.9994258
070127.jpg 414,456,462,504,0.98674667 679,603,732,649,0.99776155 831,514,886,564,0.99809325 584,123,633,170,0.99843854 590,288,643,336,0.99927443
071452.jpg 577,67,634,120,0.96514446 846,487,904,540,0.99680275 682,582,735,634,0.9983443 586,248,637,295,0.99890715
072762.jpg 930,689,975,720,0.96123695 414,342,466,389,0.99644214 827,489,877,537,0.9977765 585,111,635,157,0.99853104 678,575,728,621,0.998861 592,270,643,317,0.99976903
073667.jpg 929,691,977,720,0.90302306 586,113,635,159,0.996063 830,492,876,539,0.99686134 678,577,728,625,0.9984961 415,344,466,391,0.9985655 593,274,642,320,0.99977213
074765.jpg 941,675,993,720,0.9950587 566,480,620,530,0.9969144 579,72,633,123,0.9971964 396,326,449,374,0.9977427 585,250,640,299,0.9995997
076104.jpg 580,65,632,115,0.9930327 571,474,616,518,0.9943073 397,318,449,363,0.9958638 585,243,640,291,0.9989778 941,667,993,714,0.9991715
076741.jpg 579,68,634,118,0.99558353 397,319,450,366,0.99626184 585,244,640,292,0.99877316 940,670,993,717,0.9988423 562,477,616,524,0.99901265
079011.jpg 951,674,990,717,0.8573836 501,516,551,559,0.9881959 602,261,652,309,0.9971397 582,73,632,121,0.9972766 401,323,451,371,0.9981035 565,475,620,522,0.9993313
081698.jpg 600,251,651,310,0.9866144 501,516,551,559,0.9908979 582,73,632,121,0.99732584 934,666,992,715,0.99757147 401,323,451,369,0.99807626 564,475,621,522,0.9993672
083893.jpg 501,516,551,558,0.9868673 584,73,631,122,0.9909378 402,323,451,369,0.99692625 602,261,651,309,0.99790674 933,664,991,713,0.9979472 564,476,621,521,0.9991037
085624.jpg 500,523,549,567,0.99769956 399,330,451,376,0.9981041 567,480,619,531,0.9981332 937,673,991,720,0.9985191 582,30,632,78,0.9986373 517,264,568,310,0.9993974
087563.jpg 927,696,973,720,0.31162062 504,554,555,597,0.9867889 410,367,462,411,0.9968494 567,511,621,560,0.99926424 584,83,635,131,0.99956024 520,304,572,354,0.9997061
088572.jpg 509,555,557,598,0.9752497 411,368,462,414,0.9987229 585,86,635,133,0.99927735 568,514,621,560,0.9995416 521,306,571,357,0.9997743
089220.jpg 248,686,301,720,0.7359996 394,354,449,402,0.99831784 583,50,631,99,0.99860793 494,550,548,601,0.99951196
089700.jpg 494,564,548,611,0.9962023 582,64,634,116,0.9962688 394,365,449,415,0.9967556 286,354,342,404,0.9977574
095229.jpg 609,391,654,437,0.999853 476,32,519,76,0.999918
097528.jpg 506,44,540,83,0.99912965 577,326,614,370,0.999926
098559.jpg 502,41,538,81,0.99912465 555,303,598,343,0.9997253
099730.jpg 497,29,533,66,0.9994991 418,345,456,388,0.9997516
100698.jpg 639,639,674,674,0.9974976 520,245,552,280,0.9991286 622,21,653,54,0.99944
102336.jpg 628,431,666,476,0.99945813 502,30,539,67,0.9995342
103217.jpg 642,413,672,449,0.57259005 623,492,662,533,0.89278126 494,17,535,58,0.99957174
104769.jpg 712,602,749,636,0.9970644 626,26,657,59,0.9991516 522,251,553,284,0.99957997
106547.jpg 497,23,533,58,0.9976857 712,382,752,422,0.99996114
108902.jpg 501,39,537,80,0.99964666 687,370,730,410,0.99996924
110764.jpg 622,30,653,62,0.9996871 520,254,551,288,0.99977404 645,525,677,558,0.999803
112726.jpg 506,43,540,83,0.9989211 482,455,520,495,0.99970704
114503.jpg 691,229,763,298,0.9998108
119427.jpg 599,44,648,88,0.99984646
121510.jpg 581,383,626,433,0.9989537 580,315,632,362,0.9990203 598,93,648,138,0.999772
122848.jpg 582,318,627,365,0.95023096 568,275,618,315,0.99103874 599,88,647,138,0.99801964
123963.jpg 889,466,936,507,0.99886876 351,394,393,436,0.99941665 465,255,508,298,0.9995355 888,212,931,257,0.999747
125228.jpg 302,291,355,337,0.99550956 923,373,977,417,0.998653 618,179,670,234,0.99937177 927,77,980,125,0.9995506
125678.jpg 620,559,678,614,0.9966721 676,36,725,77,0.99857295 807,267,849,316,0.9992856 946,552,1009,601,0.9997787
126518.jpg 938,69,995,118,0.99686575 933,379,992,426,0.9981251 320,370,374,423,0.9990348
128396.jpg 300,367,355,423,0.9972357 951,376,1010,424,0.99727446 958,46,1017,97,0.9990304 901,253,960,306,0.9992063
130338.jpg 968,394,1017,442,0.9918192 1026,301,1082,355,0.9972332 294,384,351,442,0.9995096
131906.jpg 1001,366,1048,413,0.67306405 922,323,968,364,0.9949734 938,450,995,496,0.9978839 314,439,370,491,0.99864525
132996.jpg 1002,534,1057,588,0.98168975 936,355,992,402,0.9981745 865,258,919,310,0.99862015 316,346,369,399,0.9986796
134290.jpg 886,354,941,401,0.9890198 322,362,376,415,0.99882466 940,379,994,426,0.99890095
136452.jpg 973,367,1033,418,0.9980023 887,303,947,356,0.99923927 287,355,346,410,0.9998386
138036.jpg 870,398,929,449,0.99801403 952,461,1009,509,0.9981709 313,445,367,500,0.9993998
139628.jpg 854,257,904,304,0.9935614 331,370,379,419,0.9973666 862,324,914,373,0.9983106 937,381,990,431,0.99863917
142085.jpg 936,437,989,489,0.9949906 851,312,904,362,0.9962825 330,428,379,477,0.99768984 863,378,914,433,0.9995921
143108.jpg 960,339,1018,390,0.9968577 696,487,754,550,0.9974779 299,328,358,381,0.9983428
145118.jpg 228,337,295,405,0.99684095 521,203,588,260,0.99938166
147716.jpg 927,697,973,720,0.32862303 508,555,557,599,0.98648465 411,368,461,414,0.9982403 585,86,635,133,0.99931204 568,513,621,560,0.99953824 521,306,572,357,0.99978423
148006.jpg 644,479,689,528,0.98764116 494,558,548,607,0.9983849 583,59,633,106,0.99867654 395,358,449,409,0.99874413 272,529,327,581,0.99874926
148284.jpg 622,24,652,57,0.9991669 492,625,530,661,0.9995096 519,248,552,283,0.99992526
149022.jpg 944,436,1004,483,0.99782646 316,424,369,476,0.99846345
158361.jpg 638,507,681,553,0.99793327 452,24,497,66,0.9997663 586,193,632,236,0.99985397
159739.jpg 443,339,487,385,0.9807614 455,40,502,88,0.998955 634,514,680,560,0.99907124 587,206,631,251,0.99994516
160925.jpg 636,503,678,548,0.99950635 449,329,494,379,0.9996937 464,45,506,87,0.99977225 588,203,631,245,0.99995816
162047.jpg 635,489,677,533,0.99910045 525,339,568,383,0.9991292 340,502,388,544,0.9995147 466,38,507,79,0.9999343 588,194,632,236,0.9999449
164740.jpg 632,405,682,446,0.95330894 291,412,343,460,0.9949701 634,79,687,127,0.99967235
165846.jpg 317,528,366,576,0.9994094 635,519,681,565,0.99948907 452,30,500,72,0.99976593 637,224,684,267,0.99977463
166801.jpg 344,440,387,483,0.9986937 637,482,679,528,0.99869883 336,491,380,535,0.9991257 463,22,503,62,0.9996377
168284.jpg 638,453,675,491,0.94680387 486,53,521,90,0.99987876
169410.jpg 435,557,482,604,0.9981428 636,505,680,551,0.99922013 457,36,502,77,0.9998041
170970.jpg 463,492,504,536,0.9995029 413,603,461,653,0.99971527 636,478,679,519,0.999752 465,23,505,64,0.9999118
171947.jpg 464,489,500,535,0.9926028 413,601,461,648,0.99972314 636,478,679,519,0.9998139 468,23,509,63,0.9998518
172523.jpg 783,470,836,522,0.9901269 917,538,978,589,0.9902668 208,409,266,457,0.9961509 789,298,832,350,0.99759936
173505.jpg 638,478,678,519,0.9984344 464,491,505,534,0.9997365 413,601,462,650,0.99985147 466,24,508,63,0.99988437
174626.jpg 475,452,517,492,0.9986325 465,493,501,533,0.99945885 465,20,505,61,0.999666 413,602,461,650,0.9997347 635,476,677,516,0.9998534
175959.jpg 466,490,503,532,0.9993955 477,451,519,491,0.99953896 466,23,506,61,0.9997063 635,475,676,515,0.99979097 413,600,462,649,0.9998925
177915.jpg 632,340,688,391,0.9971033 379,454,437,507,0.9978418 446,266,503,316,0.99864745 438,321,490,370,0.9994276
180882.jpg 642,291,691,339,0.9622533 377,457,433,511,0.99669224 444,265,501,315,0.9992463 436,321,490,370,0.99938583
182217.jpg 218,471,279,527,0.99593204 428,574,488,630,0.99901396 360,472,420,529,0.9991006 434,268,491,322,0.9995929
182794.jpg 360,472,418,525,0.9364855 343,339,401,394,0.9951894 465,386,524,438,0.99900407 435,268,491,321,0.9994669
189734.jpg 611,346,657,390,0.9992458 621,80,665,126,0.9999591
190630.jpg 557,367,608,411,0.99974126 621,85,667,139,0.99983 622,380,668,428,0.99983156
192638.jpg 904,117,937,162,0.95300364 414,371,461,419,0.99901104 621,345,668,389,0.999874 618,56,666,105,0.99992275
193565.jpg 448,357,493,408,0.99788576 622,363,666,408,0.9995416 621,87,664,135,0.9997218
195515.jpg 920,632,957,676,0.9949767 628,58,671,99,0.9999211 539,344,578,383,0.99996746
196557.jpg 609,378,656,420,0.99974746 621,56,669,102,0.99991167
199112.jpg 409,440,454,486,0.9993632 649,21,695,64,0.99990463
201529.jpg 405,403,451,450,0.9973272 650,37,699,83,0.9997916
202199.jpg 651,39,697,84,0.9997497
204986.jpg 671,467,711,508,0.99852186 652,29,700,73,0.9999162
209026.jpg 687,533,734,577,0.9797816 625,479,677,531,0.99678504 650,33,703,81,0.99985456
209848.jpg 601,315,651,362,0.9841779 556,376,607,420,0.98980963 1095,291,1157,338,0.99797297
213450.jpg 613,433,663,478,0.9943333 684,523,734,570,0.99597865 655,39,705,88,0.99975556
215068.jpg 257,378,319,429,0.99912035 982,459,1040,509,0.9996617
221988.jpg 622,426,667,478,0.99887145 584,390,629,435,0.9991283 608,95,662,143,0.9998987
223145.jpg 626,433,676,485,0.9866601 586,400,629,443,0.994849 564,351,607,395,0.999726 609,90,662,140,0.9997379
224711.jpg 624,430,676,483,0.9911872 589,405,628,445,0.99806833 566,360,610,405,0.9991748 561,302,613,351,0.9998144 609,94,662,142,0.9998592
225805.jpg 586,415,631,461,0.9964436 625,450,676,497,0.99784285 558,308,611,359,0.99912286 560,369,610,417,0.999692 608,94,663,143,0.9997965
227018.jpg 575,452,627,506,0.99454147 720,529,765,581,0.99597466 557,278,613,323,0.9971862 562,335,611,383,0.998181 610,106,664,157,0.9998783 544,397,593,446,0.9998963
228193.jpg 578,412,628,458,0.99499524 561,246,612,293,0.9966817 595,505,631,548,0.99734753 552,359,596,408,0.99930257 563,297,613,346,0.9997049 612,86,662,136,0.9999013
230091.jpg 577,410,624,455,0.44451874 562,246,613,293,0.9965385 565,298,613,346,0.99863714 553,359,597,407,0.99943095 613,88,663,136,0.9998121
231442.jpg 575,299,624,346,0.9941916 559,71,613,121,0.99596834 588,401,635,448,0.9981227 554,129,605,177,0.9990229
233605.jpg 590,471,633,511,0.92857665 601,550,638,588,0.9938395 579,302,623,340,0.995391 574,342,617,383,0.99619305 821,553,862,601,0.99975044 569,30,605,66,0.99993706 617,205,656,242,0.99996316
235059.jpg 837,486,882,532,0.99412966 600,479,636,520,0.9977914 872,272,915,313,0.99836874 585,393,629,436,0.99854517 562,268,609,311,0.999317 475,228,516,274,0.9998086
237523.jpg 591,458,634,504,0.98092 565,129,621,178,0.99216807 576,354,623,402,0.9959925 546,197,599,246,0.99741435 885,465,941,517,0.99791765 437,150,486,199,0.9981717
239845.jpg 594,412,633,454,0.9908574 579,320,627,365,0.9974357 555,184,608,230,0.9989941 853,419,902,466,0.9991245 348,519,394,566,0.9993875
242225.jpg 575,394,624,441,0.98677176 546,242,602,292,0.99540704 589,495,633,543,0.998029 594,43,648,91,0.9994739 877,505,935,556,0.9995067
243007.jpg 489,466,523,498,0.99404114 639,434,680,478,0.9945261 437,564,479,607,0.9970088 491,417,528,457,0.99940425 466,29,507,71,0.99989843
243363.jpg 428,569,487,626,0.99828106 210,442,273,498,0.998833 360,472,420,529,0.99909705 434,268,491,322,0.9996109
244800.jpg 576,406,628,458,0.99146664 594,506,633,552,0.99158525 868,514,917,563,0.9956254 551,266,604,314,0.996219 598,77,645,125,0.99979997
246235.jpg 580,412,626,458,0.99543226 438,240,491,289,0.99758774 863,464,914,513,0.99803305 615,330,662,376,0.9996924 597,33,645,82,0.9998654
252847.jpg 445,286,493,339,0.99221396 862,511,915,561,0.99815595 578,456,626,505,0.99879616 613,377,662,423,0.999752 597,83,645,132,0.99985933
257127.jpg 855,456,904,503,0.99766976 599,38,646,89,0.9992359 572,313,622,360,0.9993519 580,405,628,449,0.999635
264266.jpg 620,207,664,246,0.32082653
265086.jpg 791,28,838,70,0.96940863 620,81,664,125,0.99990416
266783.jpg 783,198,824,239,0.89521277 627,469,669,507,0.99977964 624,247,663,285,0.9998239 744,33,785,75,0.999892
269550.jpg 785,150,829,189,0.67366624 593,545,632,583,0.9964068 590,456,632,498,0.9997938 625,198,665,236,0.99987864 628,420,670,459,0.99992394 763,23,802,63,0.999961
270796.jpg 801,16,847,60,0.4288778 589,458,634,503,0.9968216 625,322,670,361,0.99973375 618,70,665,114,0.9998466
272164.jpg 784,156,828,197,0.95148647 595,563,632,603,0.9851502 629,434,669,477,0.9997671 619,209,658,250,0.99987483 760,26,799,67,0.9999604
272827.jpg 589,468,628,510,0.9740105 927,407,973,456,0.9878994 803,353,851,397,0.9989095 624,333,671,376,0.99968 620,85,664,132,0.9998752 317,207,364,254,0.99988866
274478.jpg 571,430,620,483,0.9940683 587,490,637,533,0.9966519 815,356,863,406,0.9983708 626,334,673,381,0.9996672 619,69,669,117,0.9999263
275638.jpg 578,337,633,386,0.9872283 601,263,659,312,0.99897575 618,157,673,205,0.9995098
276722.jpg 644,448,689,492,0.9968051 683,400,726,442,0.9988046 609,38,653,80,0.9998882 669,292,717,335,0.99989355
277843.jpg 645,449,688,497,0.99879646 610,41,654,85,0.9997197 685,403,728,447,0.999747 668,294,717,338,0.99983764
278748.jpg 648,452,689,497,0.99371505 610,41,654,86,0.99929357 685,403,729,449,0.99967575 669,296,716,339,0.9998131
279431.jpg 685,403,726,445,0.99955004 610,41,654,85,0.9997217 668,294,717,337,0.99977726
280085.jpg 687,402,728,443,0.99471 668,293,717,338,0.9994625 612,41,653,84,0.99951005
281568.jpg 645,452,689,498,0.9963427 684,403,728,449,0.99970454 610,44,653,87,0.9997632 669,297,716,341,0.99983764
282911.jpg 642,486,694,531,0.9811669 640,283,687,328,0.99872726 685,430,735,478,0.99920905 606,39,653,85,0.99943817 672,317,723,360,0.99951226
283401.jpg 644,486,692,531,0.98096853 640,282,687,328,0.9988574 685,430,735,478,0.9988879 607,39,653,85,0.9994088 672,317,723,360,0.9994876
283879.jpg 650,242,697,285,0.99387497 463,179,514,227,0.99766546 680,319,723,363,0.9986313 690,538,743,584,0.99916726 807,497,858,547,0.9994788 719,470,764,519,0.99972934
284208.jpg 720,161,767,203,0.8037794 1025,348,1085,403,0.9984193 435,84,493,140,0.9985632 915,598,979,645,0.99932486 971,650,1035,703,0.9998523 222,651,280,703,0.99986994
285264.jpg 642,486,694,532,0.9941062 685,434,735,479,0.99696493 643,284,691,331,0.9982787 603,44,653,87,0.9993376 672,319,722,363,0.9995268
285917.jpg 644,480,693,532,0.991567 684,430,735,477,0.99884456 640,283,687,329,0.9989145 606,40,654,87,0.9991275 672,317,723,360,0.99937665
286517.jpg 644,482,693,531,0.98677444 640,283,686,328,0.998763 684,430,735,476,0.9990917 606,40,655,87,0.99914503 671,317,723,360,0.99942344
287225.jpg 644,482,692,531,0.9885224 640,283,686,328,0.9986919 606,41,655,87,0.99877465 684,431,735,476,0.99885994 672,317,722,360,0.9995082
288864.jpg 640,349,696,400,0.9900773 213,558,271,613,0.9971347 876,195,932,252,0.9990784 701,476,761,524,0.99928606 713,243,771,292,0.99934876
289924.jpg 642,473,682,516,0.9206286 703,580,743,621,0.99006534 841,339,889,389,0.9991931 605,37,653,81,0.9997539 704,382,757,426,0.9998152
291679.jpg 642,495,695,541,0.9968857 695,609,753,658,0.9969585 852,356,907,407,0.99803245 604,32,651,78,0.99966085 707,399,763,447,0.9996819 658,298,710,349,0.99980044
293404.jpg 643,490,692,533,0.9966489 841,360,888,412,0.997068 694,599,744,645,0.9997073 606,57,651,101,0.99983466 657,306,708,356,0.9998381 705,402,753,444,0.999864
294492.jpg 660,309,705,356,0.9974485 841,361,888,412,0.99751115 705,403,754,446,0.9997594 694,600,743,647,0.99976283 605,61,653,105,0.99976677
295125.jpg 765,241,825,289,0.9985719 632,83,689,135,0.9989482 700,453,758,499,0.9990113 780,365,840,414,0.9995924
299053.jpg 873,182,924,231,0.68118757 700,453,758,499,0.9988933 765,240,825,290,0.99908197 632,82,689,135,0.9991705 780,365,840,414,0.9996457
331371.jpg 639,434,680,478,0.9942763 489,466,523,498,0.99523973 437,564,479,607,0.9973449 491,417,528,457,0.9993944 466,29,507,70,0.9999187
331727.jpg 428,570,487,625,0.9978869 360,472,419,528,0.9987356 210,443,273,498,0.9988916 434,268,491,322,0.9996016
332049.jpg 441,292,489,341,0.9880394 578,461,627,509,0.9981716 863,515,914,564,0.9985955 598,85,645,137,0.99966353 614,381,662,427,0.9996649
332373.jpg 948,614,994,659,0.99705327 854,456,904,504,0.9979867 599,38,647,89,0.9993191 578,405,628,448,0.9994419 571,312,622,360,0.99948335
332578.jpg 856,491,885,515,0.44445914 874,513,915,562,0.99622834 578,458,625,506,0.9963639 569,360,622,411,0.9997871 597,78,645,126,0.9998126
333452.jpg 660,309,705,357,0.9969219 841,361,888,412,0.9976109 694,601,744,647,0.99967617 605,61,653,105,0.9997472 706,403,754,446,0.99979824
333775.jpg 633,90,688,144,0.99831766 871,183,929,237,0.9984555 781,370,838,422,0.99949336 699,454,758,506,0.9995274 768,249,821,299,0.99965626
