-1.8222947368421054 0.05511789473684214
-1.762578947368421 0.023318698684599237
-1.849263157894737 0.07207082392327147
-1.8011052631578948 0.037203794498184894
-1.745242105263158 0.004648344020466988
-1.8222947368421054 0.05299815670064356
-1.7664315789473686 0.022946685939785882
-1.8473368421052632 0.07011927198523416
-1.7953263157894739 0.03852930114537001
-1.7394631578947368 0.00576386275399432
-1.8203684210526316 0.050081194782434446
-1.7645052631578948 0.023348382268859824
-1.8511894736842107 0.06827451712370636
-1.799178947368421 0.03691854671539496
-1.7394631578947368 0.0055625763070834555
-1.8203684210526316 0.05164450063561432
-1.7606526315789475 0.022600109174671257
-1.8473368421052632 0.06868203350320201
-1.799178947368421 0.0340081454864154
-1.7375368421052633 0.0016458364169971151
-1.8222947368421054 0.047877211558105426
-1.7664315789473686 0.018982270909739918
-1.8511894736842107 0.06384090584875313
-1.8088105263157896 0.027794277629871633
-1.7471684210526317 -0.00709656111532575
-1.8338526315789474 0.04122944224474012
-1.7953263157894739 0.08377649823638489
-1.8473368421052632 0.06759103179534753
-1.8030315789473685 0.028285490441869898
-1.745242105263158 -0.00523886008649177
-1.8319263157894738 0.039836892744808394
-1.7934 0.08486795511040301
-1.849263157894737 0.06619241411470855
-1.7972526315789474 0.03480318890848777
-1.7413894736842106 0.005638479534085472
-1.824221052631579 0.05071368854168257
-1.7683578947368421 0.022974160707174618
-1.8550421052631578 0.06686861336717087
-1.8030315789473685 0.02952441816107565
-1.7433157894736844 -0.003196619150282465
-1.8145894736842108 0.046386000660139204
-1.7606526315789475 0.016321328359038434
-1.841557894736842 0.06369455079477992
-1.7799157894736843 0.030162510072626603
-1.8704526315789474 0.07637994303468365
-1.8145894736842108 0.04169211283884622
-1.7606526315789475 0.01278323001142978
-1.841557894736842 0.06477961034190804
-1.7856947368421054 0.030105448629266784
-1.8627473684210527 0.08211549744294111
-1.8126631578947368 0.04625986892835099
-1.762578947368421 0.017308123659181773
-1.837705263157895 0.06810585207422293
-1.7895473684210528 0.031063580489264275
-1.874305263157895 0.08070551943062132
-1.8184421052631579 0.04597482679303111
-1.7568000000000001 0.01586729205017756
-1.841557894736842 0.06208017494588125
-1.7953263157894739 0.026232005210005793
-1.7375368421052633 -0.00959799376378434
-1.8145894736842108 0.040100428315057224
-1.7529473684210526 0.013269221334495929
-1.8396315789473685 0.056941172248671235
-1.787621052631579 0.024578942995911568
-1.8685263157894738 0.07074280901109076
-1.8184421052631579 0.03488446225343056
-1.7548736842105264 0.0071166418115596874
-1.8338526315789474 0.05511811319109583
-1.7779894736842108 0.023712173159805894
-1.8627473684210527 0.07108907896487049
-1.8088105263157896 0.038716511085724714
-1.7568000000000001 0.00865552215394716
-1.837705263157895 0.056042704267183274
-1.7799157894736843 0.023680412696208908
-1.860821052631579 0.07215983248306856
-1.8088105263157896 0.039671357804327956
-1.7587263157894737 0.0094187764007021
-1.837705263157895 0.05556680121335045
-1.781842105263158 0.02089181245882854
-1.8550421052631578 0.07173465808556534
-1.8068842105263156 0.03901969676890915
-1.7606526315789475 0.011052742705187635
-1.841557894736842 0.058212104430939715
-1.7934 0.021201373396407153
-1.8723789473684211 0.07780958973029561
-1.8184421052631579 0.043102728049438044
-1.7702842105263157 0.014085915324450249
-1.8511894736842107 0.061277619032082176
-1.8030315789473685 0.031063584111108433
-1.7490947368421053 0.0020994279930192095
-1.83 0.05064083894920579
-1.7856947368421054 0.015748624494250185
-1.7317578947368422 -0.01690607880378503
-1.8126631578947368 0.03147696168042602
-1.7587263157894737 0.0031525175216602364
-1.8396315789473685 0.05003043398226836
-1.787621052631579 0.01535522624658836
-1.7317578947368422 -0.01469682359435498
-1.8107368421052632 0.03153323182785983
-1.7548736842105264 0.002541007258192396
-1.837705263157895 0.05098667742536722
-1.7837684210526317 0.016266387911481273
-1.7279052631578948 -0.016142322655036012
-1.8068842105263156 0.0319306725231111
-1.7490947368421053 0.0025657729644161797
-1.8338526315789474 0.049482978668879185
-1.7856947368421054 0.012027552794394936
-1.7317578947368422 -0.015882997066352322
-1.8107368421052632 0.03248855833605846
-1.7587263157894737 0.004647510208986794
-1.8396315789473685 0.049621198924020504
-1.8011052631578948 0.01262794045697302
-1.7336842105263157 -0.014011845827327729
-1.8184421052631579 0.034516139677263524
-1.7587263157894737 0.004450440971328518
-1.841557894736842 0.04952484695901138
-1.7914736842105263 0.012465386841876813
-1.7336842105263157 -0.01784037070812805
-1.8088105263157896 0.028942954475595806
-1.7548736842105264 -0.001380100777348292
-1.837705263157895 0.04689052818023398
-1.787621052631579 0.01437340595768577
-1.7336842105263157 -0.014527654114855015
-1.8145894736842108 0.03285339107576202
-1.7664315789473686 0.005108120476905342
-1.8454105263157896 0.05480074461489082
-1.799178947368421 0.02474389506866559
-1.7490947368421053 -0.004157165003875196
-1.8319263157894738 0.04784703808147861
-1.7895473684210528 0.01316703064051672
-1.7356105263157897 -0.016889818905708287
-1.8165157894736843 0.030491226284908635
-1.7683578947368421 0.002752272129222688
-1.843484210526316 0.055918581131431666
-1.7953263157894739 0.024712258554693056
-1.7471684210526317 -0.0018709061273086691
-1.8338526315789474 0.046672251767428286
-1.7914736842105263 0.014310146504270316
-1.7356105263157897 -0.012274967110671331
-1.8222947368421054 0.03279886664280807
-1.7683578947368421 0.00736954250155053
-1.8531157894736843 0.060438614054179385
-1.8107368421052632 0.02566768560680832
-1.7645052631578948 -0.0009184250957732232
-1.8473368421052632 0.04878047748388736
-1.799178947368421 0.021035998153783764
-1.7568000000000001 -0.005600400855403476
-1.843484210526316 0.04516134442021924
-1.804957894736842 0.019640984432683917
-1.7471684210526317 -0.004723586081167075
-1.8280736842105263 0.04959793164403781
-1.781842105263158 0.02182677685179646
-1.8511894736842107 0.08073983258587103
-1.799178947368421 0.05974050376898132
-1.8704526315789474 0.12433111622459947
-1.8203684210526316 0.1069590535185897
-1.8666 0.11158078353072653
-1.8165157894736843 0.0917173564357574
-1.8588947368421054 0.09629526334438598
-1.8030315789473685 0.08230854402825505
-1.849263157894737 0.08324743820424063
-1.7972526315789474 0.06677004908281647
-1.8531157894736843 0.1372729504866088
-1.9012736842105264 0.1407223272961633
-1.8454105263157896 0.12451377947406239
-1.891642105263158 0.12912657938498862
-1.835778947368421 0.11175761623079972
-1.8839368421052631 0.10941391623450558
-1.837705263157895 0.0885775846592638
-1.9051263157894738 0.1532925968534824
-1.8531157894736843 0.1371023458898062
-1.8935684210526318 0.13940472650507718
-1.837705263157895 0.1255260544887693
-1.8820105263157896 0.1255026469858932
-1.8319263157894738 0.109298186851438
-1.880084210526316 0.11613927598592733
-1.8280736842105263 0.10109512711137025
-1.8820105263157896 0.09645308349997095
-1.8261473684210527 0.0837205135727821
-1.8762315789473685 0.15421822828382803
-1.922463157894737 0.1530569956264528
-1.8666 0.13918207875855138
-1.908978947368421 0.1414882145222287
-1.8550421052631578 0.12414592923327461
-1.8935684210526318 0.12529627552326805
-1.835778947368421 0.11026556918168207
-1.860821052631579 0.1171948628400965
-1.9109052631578949 0.18422520913008966
-1.9455789473684213 0.18653134489376721
-1.891642105263158 0.17150063855218134
-1.914757894736842 0.17611835326322733
-1.8511894736842107 0.10098659429006251
-1.8935684210526318 0.16917273005374
-1.9263157894736842 0.1691724899804249
-1.8666 0.159925934117636
-1.8877894736842107 0.1668604308864261
-1.9320947368421053 0.16570440133942665
-1.874305263157895 0.15067889810821666
-1.8954947368421053 0.15530181592963843
-1.9320947368421053 0.1553015758563232
-1.874305263157895 0.14258765157248154
-1.8974210526315791 0.1414316220254822
-1.9301684210526318 0.14027559247848287
-1.8704526315789474 0.12871745766832532
-1.891642105263158 0.13218458601606276
-1.8261473684210527 0.06514855646906348
-1.843484210526316 0.06399252692206403
-1.8666 0.0639922868487488
-1.8030315789473685 0.052434152038591586
-1.7182736842105264 0.0015791751231710727
-1.6277368421052634 -0.05158738073961788
-1.6258105263157894 -0.04927604186556456
-1.6258105263157894 -0.04696470299151134
-1.5333473684210528 -0.09687947204695835
-1.5333473684210528 -0.10038990437495066
-1.5333473684210528 -0.10505612617662707
-1.4485894736842106 -0.11199259853693577
-1.446663157894737 -0.11546170247619181
-1.4428105263157895 -0.12251521428068723
-1.3619052631578947 -0.13303609450623555
-1.3561263157894738 -0.14124539578441542
-1.2732947368421055 -0.151694838818072
-1.2655894736842104 -0.15983270290436014
-1.1846842105263158 -0.17633869849163297
-1.1750526315789473 -0.18359837828943226
-1.1634947368421051 -0.19085805808723133
-1.159642105263158 -0.20472994974677772
-1.0825894736842105 -0.2267338239743929
-1.0999263157894736 -0.24064717188621854
-1.0459894736842106 -0.2581016998082074
-0.9843473684210526 -0.2709330698354596
-0.9959052631578947 -0.2839106022243617
-1.0113157894736842 -0.2958033641050607
-1.0325052631578948 -0.30711136322220145
-1.1326736842105263 -0.3172635728656582
-1.250178947368421 -0.3200684443397349
-1.2424736842105264 -0.317741485613532
-1.1712 -0.31541452688732885
-1.1615684210526316 -0.3073086207927048
-1.1249684210526316 -0.30151429364544924
-1.1288210526315792 -0.29109680860345677
-1.0941473684210528 -0.28414669198251696
-1.0016842105263157 -0.27604078588789294
-0.8841789473684211 -0.2436633008459005
-1.2578842105263157 -0.3025931842249606
-1.1692736842105262 -0.3014220149724419
-1.1769789473684211 -0.3014066351936072
-1.0960736842105263 -0.30139125541477274
-1.080663157894737 -0.26785798089909607
-0.9997578947368421 -0.2528173379623667
-0.9092210526315789 -0.23777669502563736
-0.7897894736842106 -0.23082657840469756
-0.7897894736842106 -0.23081119862586308
-0.7088842105263159 -0.18918739779439686
-0.6838421052631579 -0.17067938643661484
-0.6048631578947369 -0.14061348034199106
-0.579821052631579 -0.10823599529999861
-0.5663368421052631 -0.08741640499484804
-0.5586315789473685 -0.0839336567949609
-0.5451473684210526 -0.023817224384547475
-0.45846315789473685 0.0154949974995503
-0.4430526315789474 0.04902827201522708
-0.4526842105263158 0.06984786232037732
-0.506621052631579 0.02594324209921184
-0.5104736842105264 0.020179674509625434
-0.47194736842105267 0.07220558060424942
-0.44883157894736847 0.11498517090939975
-0.4295684210526316 0.1242468664777081
-0.543221052631579 0.13928750941443735
-0.7859368421052632 0.19246920498274567
-0.8032736842105264 0.21560037423526457
-0.8225368421052632 0.3739589119088358
-0.7416315789473685 0.5565890285297757
-0.6915473684210527 0.6005244083086103
-0.6896210526315789 0.5889818933506028
-0.6819157894736843 0.5716604310241742
-0.6799894736842106 0.5867010739609034
-0.6722842105263158 0.5636006642660538
-0.6607263157894737 0.5705507808869936
-0.653021052631579 0.5798124764553019
-0.6433894736842105 0.583295224655189
-0.6279789473684211 0.5902453412761288
-0.6029368421052632 0.6006628263181213
-0.09246315789473684 0.568316100833798
-0.23886315789473686 0.5174767437705273
-0.12906315789473685 0.5972415972335724
-0.05393684210526316 0.6377096085913543
-0.061642105263157894 0.6747102515280836
-0.06934736842105263 0.6550772102542866
-0.07897894736842105 0.7255957479278581
-0.15410526315789475 0.7209879698119558
-0.22345263157894737 0.6817065074855272
-0.14254736842105264 0.6782545188433091
-0.14254736842105264 0.674802530201091
-0.22345263157894737 0.6771294889272941
-0.21767368421052632 0.6783006581798128
-0.21189473684210527 0.6806276169060158
-0.21382105263157894 0.6841103651059031
-0.22730526315789473 0.6506078501478955
-0.23693684210526317 0.6517790194004143
-0.24078947368421053 0.652950188652933
-0.2484947368421053 0.6575887263265044
-0.25234736842105265 0.6506693692632337
-0.26390526315789475 0.6553079069368052
-0.26390526315789475 0.6541674972419556
-0.2658315789473684 0.6588060349155269
-0.2696842105263158 0.6588214146943615
-0.2696842105263158 0.6160725839468802
-0.2677578947368421 0.6183995426730833
-0.2735368421052632 0.6161033435045493
-0.27931578947368424 0.6184303022307525
-0.28316842105263157 0.624224629378008
-0.24078947368421053 0.5872547459989479
-0.25620000000000004 0.5849585468304139
-0.28316842105263157 0.5907528739776695
-0.2928 0.5884566748091358
-0.3082105263157895 0.5850046861669176
-0.2677578947368421 0.5515021712089101
-0.26005263157894737 0.5457386036193237
-0.25042105263157893 0.5411308255034213
-0.2908736842105263 0.5099398894927822
-0.2908736842105263 0.5087994797979326
-0.29665263157894733 0.507659070103083
-0.3043578947368421 0.499583923566128
-0.3005052631578948 0.49728772439759417
-0.35444210526315795 0.49383573575537615
-0.3679263157894737 0.4487753260605265
-0.3871894736842106 0.4441675479446242
-0.3910421052631579 0.4649871382497746
-0.3910421052631579 0.4441983075022934
-0.3929684210526316 0.4268768451758647
-0.38141052631578953 0.40839959337575193
-0.37370526315789476 0.35756023631248124
-0.3640736842105263 0.3749124581965789
-0.40645263157894734 0.349500469554361
-0.39682105263157896 0.41655163880687973
-0.3871894736842106 0.4281249133225564
-0.3775578947368421 0.4362308194171804
-0.4103052631578948 0.4558946202486465
-0.4526842105263158 0.5136994737116917
-0.4449789473684211 0.5044685377010525
-0.43534736842105265 0.44900602274304496
-0.4276421052631579 0.4282171919955638
-0.4141578947368421 0.3172767823007142
-0.40645263157894734 0.2560353199742855
-0.39682105263157896 0.2444928050162779
-0.3910421052631579 0.20174397426879676
-0.3871894736842106 0.14859303825815762
-0.3871894736842106 0.1590105233001501
-0.38911578947368425 0.14168906097372147
-0.3833368421052632 0.12436759864729297
-0.37948421052631576 0.07815139947875904
-0.3698526315789474 0.049272042415488326
-0.40837894736842106 0.016925316931164947
-0.4045263157894737 -0.002707724342632001
-0.39874736842105263 -0.02580813403748161
-0.3871894736842106 -0.06046643846917332
-0.46231578947368424 -0.09859211132191759
-0.4796526315789474 -0.09048620522729367
-0.4430526315789474 -0.11589819386951172
-0.4430526315789474 -0.16645801359750168
-0.4449789473684211 -0.18581151753601788
-0.44690526315789475 -0.31964839002839385
-0.44883157894736847 -0.38176585199712376
-0.44883157894736847 -0.4174558973152821
-0.48350526315789477 -0.4735500711296098
-0.4912105263157895 -0.5111516133649908
-0.49506315789473687 -0.576665802377122
-0.549 -0.6441876286931948
-0.5663368421052631 -0.6943726129040043
-0.5856 -0.7734523339569194
-0.6048631578947369 -0.8224815286940447
-0.6183473684210526 -0.8703549339574855
-0.5933052631578947 -0.9494346550104004
-0.6087157894736842 -1.0019312181685787
-0.6722842105263158 -1.0266888339583353
-0.6780631578947369 -1.0791853971165137
-0.6819157894736843 -1.1293703813273233
-0.6876947368421054 -1.1830227339591852
-0.6876947368421054 -1.2343635076436792
-0.6491684210526316 -1.2868600708018572
-0.616421052631579 -1.384720361337496
-0.5856 -1.4845650720280474
-0.6453157894736843 -1.6866122809159858
-0.6876947368421054 -1.7788594898039247
-0.6549473684210527 -1.8458622596430523
-0.6607263157894737 -1.9129988131452045
-0.6260526315789474 -1.985106655730934
-0.579821052631579 -2.0329429193692956
-0.5278105263157895 -2.102739183007657
-0.5278105263157895 -2.15635439401444
-0.5239578947368421 -2.2365527629159594
-0.5201052631578947 -2.3132837633964263
-0.5143263157894737 -2.3888589744032087
-0.5124000000000001 -2.456343659094202
-0.5085473684210526 -2.5249841332588794
-0.5104736842105264 -2.6028709232130307
-0.5104736842105264 -2.656486134219813
-0.4680947368421053 -2.7228150294371223
-0.4642421052631579 -2.8041691878123256
-0.46231578947368424 -2.8947696619770027
-0.5027684210526315 -3.043159609825891
-0.49313684210526315 -3.1222021892537257
-0.5181789473684211 -3.2301395055236664
-0.7242947368421053 -3.283754716530449
-0.732 -3.302696243326705
-0.6896210526315789 -3.3424419806492778
-0.6722842105263158 -3.3960571916560602
-0.6568736842105263 -3.4739439816102116
-0.5046947368421053 -3.6338918241959406
-0.5046947368421053 -3.70022071941325
-0.5008421052631579 -3.7850422462095064
-0.5008421052631579 -3.9530806151110265
-0.5143263157894737 -4.046788852458405
-0.6125684210526317 -4.140497089805785
-0.7146631578947369 -4.230737958732111
-0.7165894736842106 -4.330994257430894
-0.7127368421052632 -4.432171145328097
-0.7416315789473685 -4.535838416369409
-0.7955684210526317 -4.642032989697119
-0.9072947368421054 -4.745635403049279
-0.9130736842105264 -4.853860974296176
-0.920778947368421 -4.972739241282622
-0.8899578947368422 -5.072146900692978
-0.8706947368421053 -5.195502819544505
-0.8552842105263158 -5.314235580501294
-0.8822526315789474 -5.437591499352822
-0.9130736842105264 -5.570120948492879
-1.0209473684210528 -5.707885715582266
-1.0536947368421052 -5.851894504099662
-1.0517684210526317 -5.988968555774952
-1.0517684210526317 -6.123731028502875
-1.0536947368421052 -6.26196086965185
-1.055621052631579 -6.396723342379771
-1.0575473684210528 -6.533797394055062
-1.0575473684210528 -6.6674040773093
-1.0633263157894737 -6.801010760563539
-1.0652526315789475 -6.935773233291461
-1.067178947368421 -7.072847284966751
-1.067178947368421 -7.200675020852566
-1.0691052631578948 -7.326191177791017
-1.067178947368421 -7.456330492624202
-1.0691052631578948 -7.586469807457387
-1.072957894736842 -7.716609122290572
-1.0691052631578948 -7.8467484371237575
-1.067178947368421 -7.97342038353589
-1.0691052631578948 -8.09893654047434
-1.0691052631578948 -8.226764276360155
-1.0710315789473683 -8.353436222772288
-1.0748842105263157 -8.478952379710739
-1.0787368421052632 -8.611403273491293
-1.080663157894737 -8.74500995674553
-1.0787368421052632 -8.873993482105035
-1.084515789473684 -9.00413279693822
-1.086442105263158 -9.135427901245091
-1.0883684210526317 -9.265567216078278
-1.0883684210526317 -9.399173899332515
-1.0960736842105263 -9.528157424692019
-1.1018526315789474 -9.65714095005152
-1.1037789473684212 -9.788436054358392
-1.1037789473684212 -9.924354316559999
-1.1057052631578947 -10.060272578761607
-1.109557894736842 -10.198502419910582
-1.1134105263157894 -10.33673226105956
-1.117263157894737 -10.474962102208531
-1.123042105263158 -10.615503522304877
-1.1288210526315792 -10.752577573980169
-1.1307473684210527 -10.890807415129144
-1.1326736842105263 -11.030193045751805
-2.3000210526315787 -11.30827341321657
