1.6990105263157897 1.465181052631579
1.6990105263157897 1.465108913846724
1.6990105263157897 1.4651009675664493
1.6951578947368422 1.4650930212861748
1.6951578947368422 1.4650850750059004
1.6951578947368422 1.4650472462629969
1.6951578947368422 1.4650472462629969
1.6990105263157897 1.4650472462629969
1.6990105263157897 1.4627355228553949
1.6951578947368422 1.4650469573425298
1.6951578947368422 1.4650469573425298
1.6951578947368422 1.4650469573425298
1.6990105263157897 1.4650469573425298
1.6951578947368422 1.4650469573425298
1.6990105263157897 1.4650277127373508
1.6990105263157897 1.465021115630727
1.6951578947368422 1.4650145185241032
1.6990105263157897 1.4627029238253275
1.6951578947368422 1.465014496232535
1.6990105263157897 1.4650144896923742
1.6990105263157897 1.4650144831522134
1.6951578947368422 1.4650144766120525
1.6990105263157897 1.462702754425388
1.6951578947368422 1.4650139488476666
1.6990105263157897 1.4650139088312915
1.6990105263157897 1.4650138688149164
1.6990105263157897 1.4649674721535764
1.6990105263157897 1.4626554418508548
1.6990105263157897 1.4626549904955017
1.6951578947368422 1.4672776970348853
1.6951578947368422 1.4626540877847953
1.6990105263157897 1.462653636429442
1.6990105263157897 1.4649647640214574
1.6951578947368422 1.4649643126661043
1.6951578947368422 1.4649638613107512
1.6951578947368422 1.4649553310003371
1.6990105263157897 1.4649468006899236
1.6990105263157897 1.4626266914321413
1.6951578947368422 1.464929740069096
1.6951578947368422 1.4626096308113137
1.6951578947368422 1.4649200366181283
1.6990105263157897 1.4649188634775743
1.6990105263157897 1.462606111389652
1.6951578947368422 1.4649165171964666
1.6951578947368422 1.4626049382490982
1.6951578947368422 1.4649164617965942
1.6951578947368422 1.4626048828492257
1.6990105263157897 1.4626048828492257
1.6990105263157897 1.4649164617965942
1.6951578947368422 1.462604807728138
1.6951578947368422 1.4649159404025451
1.6951578947368422 1.4626039151822159
1.6951578947368422 1.4626034689092549
1.6990105263157897 1.4649150212597977
1.6990105263157897 1.4626034157156034
1.6990105263157897 1.4649149680661462
1.6951578947368422 1.462603362521952
1.6951578947368422 1.4626033359251265
1.6951578947368422 1.464914888275669
1.6951578947368422 1.4626032827314748
1.6951578947368422 1.4649146919597016
1.6990105263157897 1.4626029432931915
1.6951578947368422 1.4625985223686784
1.6990105263157897 1.4637498909178497
1.6990105263157897 1.4636696126824496
1.6990105263157897 1.4613562565501368
1.6990105263157897 1.4636647213475458
1.6951578947368422 1.4612910378491064
1.6951578947368422 1.4635405122454037
1.6990105263157897 1.4635169226309939
1.6951578947368422 1.4611817540692156
1.6951578947368422 1.4634931401928926
1.6990105263157897 1.4634599843517435
1.6990105263157897 1.4611483719486689
1.6990105263157897 1.463406836910519
1.6951578947368422 1.4633484250361954
1.6951578947368422 1.4610323735776527
1.6990105263157897 1.4644952694875308
1.6990105263157897 1.4641909623984006
1.6951578947368422 1.4638866553092704
1.6990105263157897 1.4638861169260469
1.6951578947368422 1.463886071205643
1.6990105263157897 1.463884323390039
1.6990105263157897 1.463828550425736
1.6990105263157897 1.4615168536405996
1.6990105263157897 1.4638283147502
1.6951578947368422 1.4638281969124318
1.6990105263157897 1.4638280790746636
1.6990105263157897 1.4638280191667763
1.6990105263157897 1.4613820942937958
1.6990105263157897 1.4636779498160974
1.6951578947368422 1.4636777863924042
1.6990105263157897 1.4636571407102865
1.6990105263157897 1.4613249160808008
1.6951578947368422 1.4636354565783267
1.6951578947368422 1.4636344181284844
1.6990105263157897 1.463633379678642
1.6951578947368422 1.4624483769807926
1.6951578947368422 1.463587476078286
1.6990105263157897 1.460103417281043
1.6990105263157897 1.4635540953259052
1.6990105263157897 1.4612404141043083
1.6951578947368422 1.4635498907774482
1.6951578947368422 1.4635477885032198
1.6990105263157897 1.4635456862289913
1.6990105263157897 1.4612320050073944
1.6951578947368422 1.46238569220685
1.6970842105263158 1.4635393794063059
1.6970842105263158 1.4623814876583934
1.7009368421052633 1.463535174857849
1.6970842105263158 1.4612059046710582
1.6970842105263158 1.4623440029053203
1.6970842105263158 1.4634975229934413
1.6970842105263158 1.463495253607878
1.6970842105263158 1.4623371947486306
1.6970842105263158 1.4623349253630673
1.6970842105263158 1.4611768665038198
1.6970842105263158 1.4634853072599379
1.6932315789473686 1.4600177402163386
1.6970842105263158 1.4611733310674757
1.6970842105263158 1.463484102724939
1.6970842105263158 1.4611717164876654
1.6970842105263158 1.4634698565510276
1.6970842105263158 1.4611581836809626
1.6970842105263158 1.461157410385419
1.6970842105263158 1.4634675573880669
1.6932315789473686 1.4611545464959779
1.6970842105263158 1.4634651496149051
1.6970842105263158 1.4634651485028636
1.6970842105263158 1.4611535684434538
1.6970842105263158 1.4634647305435653
1.6970842105263158 1.4611527347489401
1.6970842105263158 1.4634638968490514
1.6932315789473686 1.459996111580742
1.6970842105263158 1.4634630631545378
1.6970842105263158 1.4611510673599124
1.6970842105263158 1.4611506505126557
1.6970842105263158 1.4611502336653988
1.6970842105263158 1.4611498168181418
1.6970842105263158 1.4634609789182536
1.6970842105263158 1.4611491291311638
1.6970842105263158 1.4634604372388111
1.6970842105263158 1.46346016639909
1.6970842105263158 1.4634593326349892
1.6970842105263158 1.4611469199235199
1.6990105263157897 1.4611201223925008
1.6970842105263158 1.4610339237515868
1.6951578947368422 1.4620937011130866
1.6990105263157897 1.4619976890009023
1.6990105263157897 1.4619835478088379
1.6990105263157897 1.4619475639224895
1.6990105263157897 1.461947554392074
1.6990105263157897 1.4596359659142901
1.6990105263157897 1.4619475448616588
1.6951578947368422 1.4596359659142901
1.6990105263157897 1.4619475448616588
1.6990105263157897 1.4607917269274133
1.6990105263157897 1.4619474879405363
1.6990105263157897 1.4596306950767917
1.6951578947368422 1.4619422464755605
1.6990105263157897 1.459630589152864
1.6990105263157897 1.4619416911553194
1.6990105263157897 1.4596298157981136
1.6990105263157897 1.461941270974846
1.6951578947368422 1.461895958935875
1.6990105263157897 1.461890185855534
1.6990105263157897 1.4618901672792615
1.6932315789473686 1.4618654983868886
1.6990105263157897 1.4618408294945153
1.6932315789473686 1.4618214306799135
1.6990105263157897 1.4617832021128279
1.6990105263157897 1.4617647908007458
1.6951578947368422 1.4617463794886636
1.6990105263157897 1.4640395471239498
1.6932315789473686 1.461727321417857
1.6990105263157897 1.461727318887133
1.6990105263157897 1.4617273163564088
1.6990105263157897 1.4617273138256848
1.6951578947368422 1.461727289332683
1.6990105263157897 1.4640387528300058
1.6951578947368422 1.4617270584325919
1.6990105263157897 1.4617269429825464
1.6951578947368422 1.4617237288173326
1.6990105263157897 1.4617223460634707
1.6951578947368422 1.4640325422569773
1.6990105263157897 1.4640325208414415
1.6990105263157897 1.464032499425906
1.6990105263157897 1.461720899063002
1.6951578947368422 1.461719416253969
1.6990105263157897 1.4640272699547134
1.6970842105263158 1.461715579844768
1.6951578947368422 1.4640270476295592
1.6990105263157897 1.464026936466982
1.6951578947368422 1.4617135638376637
1.6990105263157897 1.4617048077734576
1.6990105263157897 1.4617025559660801
1.6951578947368422 1.461702445566932
1.6951578947368422 1.4617023393341302
1.6990105263157897 1.464013812048697
1.6990105263157897 1.461702126868527
1.6951578947368422 1.4640130081745757
1.6990105263157897 1.4616982768244733
1.6990105263157897 1.4616981569469898
1.6990105263157897 1.4616969112768199
1.6990105263157897 1.46169566560665
1.6990105263157897 1.4616944199364803
1.6990105263157897 1.4616591326417003
1.6951578947368422 1.4616238453469204
1.6990105263157897 1.4616236237801097
1.6990105263157897 1.4593118232659306
1.6990105263157897 1.4616231806464883
1.6990105263157897 1.4616229590796777
1.6951578947368422 1.4593111585654985
1.6990105263157897 1.4616225159460563
1.6990105263157897 1.4615917818994761
1.6951578947368422 1.4592494689055275
1.6990105263157897 1.4615303138063156
1.6990105263157897 1.461474504954335
1.6990105263157897 1.4614186961023543
1.6990105263157897 1.461343470065711
1.6951578947368422 1.4613429607686803
1.6990105263157897 1.4589759714698722
1.6990105263157897 1.4612713555199632
1.6990105263157897 1.4589576374078883
1.6990105263157897 1.4612691832917957
1.6951578947368422 1.461269150692173
1.6990105263157897 1.4589575717448044
1.6990105263157897 1.461269150692173
1.6990105263157897 1.461269150692173
1.6990105263157897 1.4589575717448044
1.6951578947368422 1.461269150692173
1.6990105263157897 1.4589575717448042
1.6990105263157897 1.4612691506921722
1.6990105263157897 1.4589575717448036
1.6990105263157897 1.4612691506921722
1.6951578947368422 1.4612547686882342
1.6990105263157897 1.4612545576016545
1.6990105263157897 1.4612332180713563
1.6990105263157897 1.45890029959369
1.6990105263157897 1.461185733251321
1.6990105263157897 1.458808489788284
1.6951578947368422 1.458807926667355
1.6990105263157897 1.4611189424937943
1.6990105263157897 1.461118379372865
1.6990105263157897 1.4588062373045676
1.6932315789473686 1.4587637689522637
1.6990105263157897 1.4610643908146108
1.6990105263157897 1.4610187287482517
1.6951578947368422 1.4629782945216445
1.6990105263157897 1.460594519036461
1.6990105263157897 1.462906042403231
1.6990105263157897 1.46056067790723
1.6932315789473686 1.4605268923585975
1.6970842105263158 1.460526398254191
1.6990105263157897 1.4628166562038105
1.6970842105263158 1.4605047642594728
1.6990105263157897 1.4605047603258379
1.6951578947368422 1.460504627041034
1.6990105263157897 1.4628160727035986
1.6970842105263158 1.4605040677855508
1.6970842105263158 1.4605039314670263
1.6990105263157897 1.4605037951485018
1.6990105263157897 1.4605036588299773
1.6990105263157897 1.4605035225114529
1.6990105263157897 1.4604978676582951
1.6990105263157897 1.4604886489414752
1.6990105263157897 1.4604794302246553
1.6990105263157897 1.4604702115078352
1.6990105263157897 1.4627807786512783
1.6990105263157897 1.4604479644268227
1.6990105263157897 1.4604359733673782
1.6990105263157897 1.4604239823079332
1.6951578947368422 1.460412650501413
1.6990105263157897 1.46268261832394
1.6990105263157897 1.4626410071990987
1.6990105263157897 1.4626372161826202
1.6990105263157897 1.4603218462187733
1.6990105263157897 1.461473844675979
1.6990105263157897 1.4614700536595004
1.6951578947368422 1.461466262643022
1.6990105263157897 1.4614624716265436
1.6990105263157897 1.461458680610065
1.6990105263157897 1.4591195199758429
1.6951578947368422 1.4590919382889893
1.6990105263157897 1.4613759355495042
1.6951578947368422 1.4613483538626506
1.6970842105263158 1.4590091932284284
1.6951578947368422 1.4613155630433465
1.6990105263157897 1.4590038285177813
1.6970842105263158 1.4590036729395846
1.6990105263157897 1.4590035173613878
1.6990105263157897 1.4590034885987335
1.6990105263157897 1.4613150387834477
1.6951578947368422 1.4613150100207934
1.6951578947368422 1.4611345061493985
1.6990105263157897 1.4588225135795252
1.6990105263157897 1.4586357308553146
1.6970842105263158 1.458457357080895
1.6970842105263158 1.4582789833064753
1.6970842105263158 1.4581006095320554
1.6970842105263158 1.457646232158651
1.6951578947368422 1.4572822400554333
1.6951578947368422 1.4559701758161645
1.6990105263157897 1.45581390105058
1.6951578947368422 1.4558121487618254
1.6990105263157897 1.4558103964730706
1.6951578947368422 1.4558086441843159
1.6951578947368422 1.4557981184814115
1.6951578947368422 1.455787592778507
1.6951578947368422 1.4556253549708336
1.6990105263157897 1.4533109594065383
1.6970842105263158 1.4533081427896113
1.6932315789473686 1.4556189420880057
1.6970842105263158 1.4556189420880055
1.6932315789473686 1.4553896930112322
1.6970842105263158 1.4553860193788857
1.6932315789473686 1.4553823457465394
1.6932315789473686 1.4553662630211486
1.6970842105263158 1.4553501802957576
1.6932315789473686 1.4553403183965226
1.6932315789473686 1.4573540526467874
1.6970842105263158 1.454847537865371
1.6932315789473686 1.4569641809786917
1.6970842105263158 1.4544935771699325
1.6970842105263158 1.454427323632688
1.6951578947368422 1.4543736136862457
1.6970842105263158 1.4543736130867329
1.6970842105263158 1.45437361248722
1.6970842105263158 1.4566851068698874
1.6970842105263158 1.4555099767550788
1.6932315789473686 1.455453862631996
1.6970842105263158 1.4529747711047465
1.6932315789473686 1.455118837472234
1.6970842105263158 1.4526397459449845
1.6970842105263158 1.4549508234871698
1.6932315789473686 1.4526387431346182
1.6932315789473686 1.4549502778035963
1.6970842105263158 1.4526386545778376
1.6970842105263158 1.454950189246816
1.6970842105263158 1.454950144968426
1.6970842105263158 1.4549501006900356
1.6932315789473686 1.4549500564116453
1.6970842105263158 1.4526384331858868
1.6932315789473686 1.4548794309130444
1.6932315789473686 1.4548742571127176
1.6970842105263158 1.4548419447439382
1.6932315789473686 1.4524980534277905
1.6970842105263158 1.4548042997761597
1.6932315789473686 1.455947023371147
1.6932315789473686 1.455902859996491
1.6932315789473686 1.4559004377048206
1.6970842105263158 1.4535864364657818
1.6932315789473686 1.4535840141741114
1.6970842105263158 1.453581591882441
1.6932315789473686 1.4535791695907707
1.689378947368421 1.4558883262464688
1.6970842105263158 1.45357432500743
1.6951578947368422 1.454727692189444
1.6951578947368422 1.454725017894829
1.6951578947368422 1.454722343600214
1.6951578947368422 1.4547196693055988
1.6951578947368422 1.455872784484668
1.6951578947368422 1.4558701101900529
1.6951578947368422 1.4546894844504852
1.6951578947368422 1.4569995206197286
1.6913052631578946 1.455843663716295
1.6932315789473686 1.4534492790654063
1.6970842105263158 1.4487433154671492
1.689378947368421 1.439414193974155
1.6913052631578946 1.4381755987969504
1.6951578947368422 1.441642967218003
1.6913052631578946 1.4427987566916873
1.6913052631578946 1.4462661251127398
1.6932315789473686 1.4451103356390558
1.6970842105263158 1.4474219145864242
1.6951578947368422 1.453200861954845
1.6913052631578946 1.4497334935337927
1.6970842105263158 1.453200861954845
1.7009368421052633 1.457824019849582
1.7047894736842104 1.4555124409022135
1.7047894736842104 1.453200861954845
1.6932315789473686 1.45658258006439
1.6932315789473686 1.456581762222082
1.6970842105263158 1.45542515490609
1.6990105263157897 1.455424337063782
1.6990105263157897 1.4531119402741057
1.6990105263157897 1.4531111224317979
1.6951578947368422 1.45311030458949
1.6913052631578946 1.4531097005027198
1.6970842105263158 1.450797517468581
1.6932315789473686 1.4507969133818108
1.6932315789473686 1.4505679215484282
1.6932315789473686 1.4503450452899447
1.6932315789473686 1.4501221690314612
1.6932315789473686 1.4498992927729777
1.6932315789473686 1.4498311306372105
1.689378947368421 1.4462194686184078
1.689378947368421 1.4462148669881159
1.689378947368421 1.4473660548315084
1.6836 1.445049874253848
1.6855263157894738 1.4450491771232312
1.6855263157894738 1.4426996524908002
1.6855263157894738 1.4426617068057372
1.6855263157894738 1.440312182173306
1.6816736842105264 1.4379626575408748
1.6855263157894738 1.4379247118558118
1.6816736842105264 1.4378867661707493
1.677821052631579 1.4378488204856863
1.6816736842105264 1.435499295853255
1.672042105263158 1.4318242529627137
1.6758947368421053 1.4293049995458564
1.6758947368421053 1.4290973250763677
1.6758947368421053 1.4314067298236262
1.6758947368421053 1.4290929766761478
1.672042105263158 1.4290908024760376
1.672042105263158 1.4267770493285592
1.6681894736842104 1.4244632961810808
1.6681894736842104 1.4221495430336024
1.6681894736842104 1.4221473688334925
1.6681894736842104 1.419833615686014
1.6681894736842104 1.419831441485904
1.666263157894737 1.4175176883384255
1.6643368421052633 1.4152039351909471
1.6604842105263158 1.414045971517153
1.6624105263157893 1.414043797317043
1.6624105263157893 1.4117300441695644
1.6585578947368422 1.4094162910220862
1.6547052631578947 1.4059467484009236
1.6508526315789476 1.4013214163060765
1.6527789473684211 1.4001634526322824
1.6508526315789476 1.4001612784321724
1.647 1.397847525284694
1.647 1.3955337721372156
1.6489263157894738 1.392064229516053
1.6450736842105265 1.3897504763685746
1.6450736842105265 1.3851251442737278
1.6450736842105265 1.387434549020986
1.6412210526315791 1.3828092169261392
1.6392947368421054 1.3804954637786608
1.635442105263158 1.3804932895785509
1.6315894736842105 1.375867957483704
1.6277368421052634 1.375865783283594
1.6238842105263158 1.3735520301361155
1.6238842105263158 1.3689266980412689
1.6161789473684212 1.3689245238411587
1.6161789473684212 1.3642991917463119
1.6084736842105263 1.3619854385988335
1.604621052631579 1.3585158959776709
1.604621052631579 1.358513721777561
1.6007684210526316 1.3561999686300825
1.593063157894737 1.3515746365352355
1.5872842105263159 1.3492608833877573
1.5795789473684212 1.3457913407665947
1.5757263157894736 1.343477587619116
1.5757263157894736 1.3434754134190061
1.5718736842105263 1.337694291850475
1.5718736842105263 1.3330689597556282
1.5583894736842105 1.3307552066081498
1.5506842105263159 1.326129874513303
1.5468315789473683 1.3238161213658246
1.5468315789473683 1.3238139471657144
1.5410526315789475 1.3180328255971836
1.5333473684210528 1.315719072449705
1.5294947368421052 1.30878216140749
1.5256421052631581 1.3087799872073798
1.514084210526316 1.299531497217796
1.514084210526316 1.299529323017686
1.5083052631578948 1.2972155698702077
1.5044526315789475 1.2960576061964135
1.4967473684210528 1.2914322741015667
1.489042105263158 1.2844953630593514
1.481336842105263 1.2833373993855572
1.481336842105263 1.283335225185447
1.4736315789473684 1.2787098930906002
1.4659263157894737 1.2740845609957534
1.4582210526315789 1.2694592289009066
1.4505157894736842 1.2683012652271124
1.4428105263157895 1.2636759331322656
1.446663157894737 1.2636737589321556
1.438957894736842 1.2578926373636246
1.4293263157894738 1.2532673052687777
1.4177684210526318 1.2474861837002467
1.4100631578947367 1.2428608516053998
1.4004315789473685 1.2405470984579214
1.4004315789473685 1.238233345310443
1.3927263157894738 1.2336080132155962
1.3792421052631578 1.226671102173381
1.3753894736842107 1.222045770078534
1.3619052631578947 1.2174204379836873
1.3542 1.210483526941472
1.3542 1.210481352741362
1.3445684210526316 1.204700231172831
1.3368631578947368 1.2023864780253524
1.3272315789473685 1.1977611459305055
1.3195263157894737 1.1919800243619747
1.3079684210526314 1.188510481740812
1.3079684210526314 1.1861967285933335
1.2944842105263157 1.1815713964984866
1.2829263157894737 1.1746344854562714
1.275221052631579 1.1700091533614245
1.2598105263157895 1.161916452845525
1.2540315789473686 1.1572911207506782
1.250178947368421 1.1572889465505682
1.2405473684210526 1.1526636144557214
1.2270631578947369 1.1491940718345588
1.2116526315789473 1.1411013713186593
1.2000947368421053 1.134164460276444
1.1885368421052633 1.128383338707913
1.1885368421052633 1.128381164507803
1.1750526315789473 1.1237558324129562
1.159642105263158 1.116818921370741
1.1480842105263158 1.1087262208548414
1.1346 1.1041008887599946
1.1288210526315792 1.0971639777177793
1.1249684210526316 1.0983175929913536
1.109557894736842 1.0913806819491383
1.0941473684210528 1.0867553498542915
1.0787368421052632 1.0821300177594446
1.0691052631578948 1.0775046856645978
1.0614000000000001 1.072879353569751
1.0614000000000001 1.072877179369641
1.0536947368421052 1.062472899906373
1.0382842105263157 1.0601591467588947
1.0228736842105264 1.050910656769311
1.0113157894736842 1.0462853246744641
0.9959052631578947 1.0393484136322488
0.9939789473684212 1.041657818379507
0.982421052631579 1.0312535389162394
0.9650842105263159 1.024316627874024
0.9496736842105263 1.0173797168318088
0.9342631578947369 1.0092870163159093
0.9188526315789475 1.0046616842210625
0.9227052631578948 1.002347931073584
0.9072947368421054 0.9977225989787373
0.8861052631578948 0.9896298984628378
0.872621052631579 0.9826929874206225
0.8533578947368422 0.9757560763784072
0.8398736842105263 0.9699749548098762
0.8398736842105263 0.9676612016623978
0.8283157894736842 0.9618800800938667
0.8167578947368421 0.952631590104283
0.799421052631579 0.9468504685357519
0.7840105263157895 0.936446189072484
0.7686000000000001 0.9329766464513214
0.7724526315789474 0.9318186827775272
0.7589684210526315 0.9225701927879435
0.7397052631578948 0.9133217027983599
0.726221052631579 0.9098521601771972
0.7069578947368421 0.9006036701876136
0.6876947368421054 0.8925109696717141
0.6934736842105264 0.8901972165242357
0.6742105263157895 0.8844160949557046
0.6588 0.8751676049661209
0.6414631578947368 0.8693864833975898
0.6241263157894738 0.864761151302743
0.6048631578947369 0.8555126613131593
0.6087157894736842 0.8566662765867336
0.5875263157894737 0.8474177865971498
0.5682631578947369 0.8404808755549346
0.549 0.8323881750390352
0.5297368421052632 0.820828106102083
0.506621052631579 0.8138911950598677
0.5104736842105264 0.8104216524387051
0.49506315789473687 0.8034847413964898
0.4796526315789474 0.7965478303542746
0.45461052631578946 0.787299340364691
0.43920000000000003 0.7757392714277388
0.4141578947368421 0.7664907814381552
0.4141578947368421 0.7664886072380451
0.3948947368421053 0.7595516961958299
0.37948421052631576 0.7526147851536146
0.3563684210526316 0.7422105056903467
0.3313263157894737 0.7306504367533946
0.3082105263157895 0.7237135257111793
0.3082105263157895 0.7237113515110694
0.28702105263157895 0.7144628615214856
0.26390526315789475 0.7040585820582177
0.24271578947368422 0.6948100920686341
0.22345263157894737 0.6878731810264188
0.20033684210526315 0.6797804805105193
0.19841052631578948 0.6774667273630409
0.17529473684210525 0.6659066584260889
0.15603157894736844 0.6566581684365052
0.1329157894736842 0.6485654679206057
0.10594736842105264 0.6404727674047062
0.08283157894736842 0.6346916458361751
0.08283157894736842 0.6312221032150125
0.059715789473684215 0.6219736132254288
0.034673684210526315 0.6150367021832135
0.011557894736842106 0.6092555806146824
-0.009631578947368422 0.606941827467204
-0.03274736842105263 0.6000049164249888
-0.03274736842105263 0.5976911632775104
-0.05008421052631579 0.5895984627616109
-0.07705263157894737 0.5861289201404483
-0.10209473684210527 0.5780362196245488
-0.12328421052631579 0.5699435191086494
-0.12328421052631579 0.5318002922769605
-0.10980000000000001 0.5306423286031662
-0.0866842105263158 0.469383312297793
-0.0366 0.4335516644134726
-0.02118947368421053 0.3965642270554678
-0.04430526315789474 0.37460205285535775
-0.040452631578947365 0.34801672076051093
-0.04430526315789474 0.34570296761303243
-0.04237894736842106 0.3168060565708173
-0.055863157894736844 0.30640177710754934
-0.08283157894736842 0.2786606555390183
-0.10402105263157896 0.2624774287073294
-0.10594736842105264 0.24629420187564044
-0.11365263157894737 0.2416688697807935
-0.11557894736842106 0.22432985347542034
-0.11557894736842106 0.2081466266437315
-0.11750526315789475 0.1942749787594109
-0.12135789473684211 0.18040333087509042
-0.11750526315789475 0.16999905141182248
-0.12521052631578947 0.16537371931697564
-0.12713684210526316 0.1549694398537077
-0.12906315789473685 0.14803252881149254
-0.12713684210526316 0.14225140724296137
-0.12135789473684211 0.09086200980915926
-0.11943157894736843 0.042939980796409705
-0.11943157894736843 -0.0015146797952870772
-0.12521052631578947 -0.04250197196593142
-0.1329157894736842 -0.0927355799260493
-0.1329157894736842 -0.1429691878861673
-0.1367684210526316 -0.19089121689891686
-0.14062105263157895 -0.23881324591166642
-0.13869473684210526 -0.28095632755599464
-0.14254736842105264 -0.3242551986740073
-0.14254736842105264 -0.36639828031833577
-0.15410526315789475 -0.4143203093310853
-0.16758947368421054 -0.45993075939646644
-0.15410526315789475 -0.5113201568302689
-0.1598842105263158 -0.55693060689565
-0.1733684210526316 -0.6002294780136624
-0.16373684210526318 -0.6516188754474647
-0.16758947368421054 -0.6972293255128458
-0.1733684210526316 -0.7463071439992793
-0.1714421052631579 -0.7965407519593973
-0.183 -0.8386838336037258
-0.16566315789473685 -0.806856388932265
-0.17722105263157897 -0.8362857863660668
-0.17914736842105264 -0.8957657101156583
-0.19455789473684212 -0.9367530022863025
-0.1964842105263158 -0.9788960839306305
-0.19841052631578948 -1.0245065339960115
-0.1964842105263158 -1.0712727735350769
-0.19455789473684212 -1.1145716446530889
-0.1849263157894737 -1.155558936823733
-0.20226315789473684 -1.1942346500470085
-0.21382105263157894 -1.2282872053755471
-0.21189473684210527 -1.272741865967244
-0.20804210526315792 -1.3091060002431512
-0.21382105263157894 -1.3512490818874792
-0.21382105263157894 -1.4037942687949654
-0.22345263157894737 -1.442469982018241
-0.2330842105263158 -1.4811456952415165
-0.23115789473684212 -1.5313793032016343
-0.2350105263157895 -1.610095781285097
-0.2350105263157895 -1.6818775225264542
-0.24078947368421053 -1.7594382111362328
-0.2484947368421053 -1.845209082071484
-0.25234736842105265 -1.9240452161646302
-0.25042105263157893 -2.004037139731461
-0.24656842105263158 -2.0817174843509227
-0.25234736842105265 -2.155930460549332
-0.24464210526315788 -2.233610805168794
-0.24271578947368422 -2.3170700971566767
-0.26197894736842103 -2.3924388628287705
-0.26197894736842103 -2.477053944290338
-0.2716105263157895 -2.560513236278221
-0.2581263157894737 -2.6381935808976826
-0.25234736842105265 -2.717029714990829
-0.25042105263157893 -2.7947100596102907
-0.25620000000000004 -2.873546193703437
-0.25234736842105265 -2.958161275165004
-0.2716105263157895 -3.0427763566265718
-0.2696842105263158 -3.12507985914077
-0.2773894736842105 -3.2027602037602327
-0.2696842105263158 -3.2827521273270626
-0.26390526315789475 -3.3581208929991564
-0.2677578947368421 -3.442735974460724
-0.26390526315789475 -3.5238836875012383
-0.27931578947368424 -3.6050314005417534
-0.2773894736842105 -3.68964648200332
-0.2658315789473684 -3.7684826160964664
-0.27546315789473685 -3.8461629607159282
-0.2735368421052632 -3.928466463230128
-0.28316842105263157 -4.006146807849589
-0.28316842105263157 -4.082671362995367
-0.2812421052631579 -4.164974865509566
-0.27546315789473685 -4.234564683813238
-0.25620000000000004 -4.32611450211691
-0.2581263157894737 -4.399171688841635
-0.2850947368421053 -4.473384665040045
-0.2889473684210526 -4.57508308578628
-0.28702105263157895 -4.672158348637776
-0.28316842105263157 -4.769233611489274
-0.28702105263157895 -4.858218348024981
-0.2850947368421053 -4.964539926665953
-0.28702105263157895 -5.072017294780609
-0.29472631578947367 -5.176027294474211
-0.29472631578947367 -5.277725715220446
-0.2985789473684211 -5.3782683464929955
-0.2928 -5.476499398818178
-0.29665263157894733 -5.578197819564412
-0.29665263157894733 -5.663715187679068
-0.29665263157894733 -5.76772518737267
-0.3005052631578948 -5.872890976539956
-0.3005052631578948 -5.964187292023033
-0.3062842105263158 -6.063574133821899
-0.3005052631578948 -6.166428344041818
-0.3005052631578948 -6.25656887005121
-0.3062842105263158 -6.340930448692181
-0.3062842105263158 -6.4380057115436795
-0.3159157894736842 -6.535080974395176
-0.3236210526315789 -6.632156237246673
-0.3159157894736842 -6.736166236940276
-0.3120631578947369 -6.822839394528616
-0.31784210526315787 -6.914135710011693
-0.3159157894736842 -6.9973414991789795
-0.3197684210526316 -7.096728340977845
-0.3255473684210527 -7.193803603829343
-0.3236210526315789 -7.294346235101893
-0.3294 -7.39142149795339
-0.32169473684210526 -7.480406234489099
-0.3313263157894737 -7.562456234182703
-0.32747368421052636 -7.647973602297359
-0.32747368421052636 -7.745048865148858
-0.3294 -7.8502146543161455
-0.33710526315789474 -7.939199390851854
-0.3467368421052632 -8.033963074755984
-0.3409578947368421 -8.12179202181801
-0.33903157894736846 -8.207309389932666
-0.34481052631578946 -8.302073073836796
-0.34481052631578946 -8.404927284056717
-0.34481052631578946 -8.507781494276635
-0.34866315789473684 -8.600233599233398
-0.3563684210526316 -8.701932019979633
-0.34866315789473684 -8.797851493357447
-0.3563684210526316 -8.896082545682631
-0.3505894736842105 -9.005871492744655
-0.3505894736842105 -9.098323597701418
-0.35251578947368417 -9.205800965816072
-0.3640736842105263 -9.305187807614939
-0.37177894736842104 -9.409197807308542
-0.3582947368421053 -9.508584649107409
-0.3582947368421053 -9.612594648801014
-0.3582947368421053 -9.713137280073568
-0.3582947368421053 -9.814835700819799
-0.3582947368421053 -9.921157279460774
-0.3698526315789474 -10.021699910733325
-0.37177894736842104 -10.12108675253219
-0.37370526315789476 -10.229719910120533
-0.3640736842105263 -10.331418330866768
-0.3640736842105263 -10.42387043582353
-0.3640736842105263 -10.524413067096079
-0.3679263157894737 -10.637669382579158
-0.37948421052631576 -10.742835171746446
-0.37948421052631576 -10.848000960913733
-0.3756315789473684 -10.896444956014182
-0.3698526315789474 -10.946044740588313
-0.3775578947368421 -10.989865577794022
-0.37370526315789476 -11.042932730789207
-0.3833368421052632 -11.0879093574686
-0.38141052631578953 -11.1398207209901
-0.3833368421052632 -11.191732084511601
-0.3775578947368421 -11.234397132243627
-0.3756315789473684 -11.283996916817758
-0.37948421052631576 -11.328973543497153
-0.37948421052631576 -11.376261749123916
-0.3775578947368421 -11.425861533698047
-0.3871894736842106 -11.47546131827218
-0.3929684210526316 -11.529684260741046
-0.3775578947368421 -11.578128255841495
-0.37948421052631576 -11.624260671994573
-0.3833368421052632 -11.67501624604239
-0.3833368421052632 -11.729239188511258
-0.3871894736842106 -11.84484128488089
-0.3910421052631579 -11.962328988029249
-0.3910421052631579 -12.076737762875004
-0.38526315789473686 -12.19942221127684
-0.37948421052631576 -12.310359333643373
-0.38526315789473686 -12.425919613904643
-0.3833368421052632 -12.552896681308145
-0.3910421052631579 -12.68071412661889
-0.39682105263157896 -12.80159683508753
-0.3948947368421053 -12.90681350110179
-0.3871894736842106 -13.011480620628324
-0.3833368421052632 -13.06811430483885
-0.3871894736842106 -13.118969041680955
-0.3871894736842106 -13.174446936417796
-0.38911578947368425 -13.23871157698234
-0.4006736842105263 -13.298353059652142
-0.38526315789473686 -13.349904016006159
-0.38526315789473686 -13.402610761833856
-0.38141052631578953 -13.444915402398397
-0.3929684210526316 -13.501089516647149
-0.38526315789473686 -13.5572636308959
-0.38526315789473686 -13.616905113565704
-0.38911578947368425 -13.675390806761826
-0.38526315789473686 -13.725785973642155
-0.3775578947368421 -13.775025351048802
-0.3871894736842106 -13.831199465297551
-0.3948947368421053 -13.883209991613342
-0.3871894736842106 -13.94562262319229
-0.3775578947368421 -14.00919104424492
-0.3775578947368421 -14.06120157056071
-0.3756315789473684 -14.11090051792913
-0.37948421052631576 -14.158287886350184
-0.38911578947368425 -14.21492157056071
-0.38141052631578953 -14.261153149508079
-0.37370526315789476 -14.312007886350184
-0.38141052631578953 -14.366329991613341
-0.3679263157894737 -14.422963675823867
-0.3756315789473684 -14.468039465297553
-0.37948421052631576 -14.517738412665972
-0.37177894736842104 -14.572060517929133
-0.37177894736842104 -14.618292096876498
-0.3756315789473684 -14.67608157056071
-0.37370526315789476 -14.730403675823869
-0.366 -14.78010262319229
-0.3698526315789474 -14.826334202139657
-0.3698526315789474 -14.87372157056071
-0.3640736842105263 -14.924576307402814
-0.366 -14.98583314950808
-0.360221052631579 -15.041311044244923
-0.35251578947368417 -15.093184798637333
-0.3640736842105263 -15.1394163775847
-0.36214736842105266 -15.198259901066786
-0.37370526315789476 -15.257239215168982
-0.3679263157894737 -15.306972213481698
-0.3428842105263158 -15.353218332939916
-0.33903157894736846 -15.40044630409644
-0.3428842105263158 -15.461412355526862
-0.3409578947368421 -15.505750958014284
-0.34866315789473684 -15.539184462594468
-1.908978947368421 -16.288051651385178
