1.2174315789473684 1.5483978947368422
1.3137473684210526 1.492739933879827
1.3272315789473685 1.4881136772798285
1.3407157894736843 1.4834874206798299
1.4139157894736842 1.4857959009219366
1.404284210526316 1.508908591690359
1.0825894736842105 1.8591097035114132
1.0999263157894736 1.8209655521745725
1.1057052631578947 1.8302087692587845
1.123042105263158 1.7955319863429966
1.1365263157894738 1.7123120455324714
1.1615684210526316 1.679946841564052
1.190463157894737 1.689190058648264
1.1712 1.660292223100897
1.1981684210526315 1.6718470191324775
1.1789052631578947 1.6417933941114262
1.2000947368421053 1.6232976638272172
1.2309157894736844 1.6336966703851132
1.2559578947368422 1.6152009401009042
1.2232105263157895 1.5886146835009056
1.2482526315789475 1.5955463216377492
1.2347684210526315 1.5897642755640664
1.2097263157894738 1.568956966332489
1.1037789473684212 1.5423707097324906
1.1866105263157893 1.544679189974597
1.2000947368421053 1.542364512321967
1.1923894736842104 1.5354266767746
1.2000947368421053 1.534267788595654
1.2000947368421053 1.5331089004167082
1.2000947368421053 1.5342615911851307
1.2097263157894738 1.534258492479869
1.2251368421052633 1.5354111832482915
1.1923894736842104 1.5354080845430298
1.1943157894736844 1.536560775311452
1.1461578947368423 1.5377134660798746
1.1249684210526316 1.5353987884272446
1.1384526315789474 1.5076567423535616
1.1731263157894738 1.479914696279879
1.159642105263158 1.4799115975746173
1.1346 1.4267421830798819
1.1557894736842105 1.4059348738483042
1.1326736842105263 1.3492980909325163
1.1442315789473685 1.3146213080167284
1.1403789473684212 1.2822561040483087
1.1346 1.2787856369219943
1.1307473684210527 1.248732011900943
1.0902947368421052 1.2117436500377867
1.067178947368421 1.1759110776483144
1.055621052631579 1.1470132421009476
1.0459894736842106 1.098466985500949
1.0479157894736841 1.0984638867956873
1.0170947368421053 1.0741892091430572
0.9708631578947369 1.0452913735956901
0.9496736842105263 0.9955893275220074
0.9496736842105263 0.9632241235535877
0.9419684210526316 0.9273915511641154
0.9342631578947369 0.9285442419325379
0.9342631578947369 0.899646406385171
0.9381157894736842 0.8719043603114882
0.9419684210526316 0.8476296826588581
0.9535263157894737 0.8221992155325437
0.9516 0.800236116827282
0.957378947368421 0.7990772286483361
0.957378947368421 0.7724909720483375
0.9631578947368421 0.7620857680799179
0.9959052631578947 0.744745827269393
1.0016842105263157 0.7239385180378155
1.005536842105263 0.7008196298588696
1.049842105263158 0.7019723206272921
1.2790736842105264 0.677697642974662
1.4505157894736842 0.6603577021641371
1.5121578947368421 0.6337714455641386
1.6277368421052634 0.6857788731746663
1.7067157894736844 0.6927105113115098
1.689378947368421 0.6788379389220376
1.6335157894736843 0.6037219142488368
1.5641684210526317 0.5257749927113857
1.4081368421052631 0.42145315925843024
1.5006000000000002 0.3914500192188969
1.5217894736842106 0.3585270386643329
1.5410526315789475 0.3256040581097689
1.6181052631578947 0.3446657913183879
1.6624105263157893 0.33524868907034144
1.6392947368421054 0.25288076110814417
1.5410526315789475 0.13067590308159072
1.506378947368421 0.06972788716030043
1.489042105263158 0.03189566071269423
1.5044526315789475 -0.002469197313859195
1.6161789473684212 0.009397523606955671
1.6604842105263158 -0.006474702840650326
1.6797473684210527 -0.05008587665667752
1.6181052631578947 -0.1503307346832311
1.6026947368421052 -0.19278611902557408
1.5333473684210528 -0.28262887178896967
1.514084210526316 -0.3458884666576286
1.647 -0.3790975352104978
1.7606526315789475 -0.36607502481599863
1.7837684210526317 -0.37616830389518385
1.7779894736842108 -0.4359605303427899
1.7221263157894737 -0.5038432831061855
1.7336842105263157 -0.5393639306064234
1.514084210526316 -0.6176487886329775
1.5834315789473683 -0.7756831203437419
1.5969157894736843 -0.8308521888966119
1.5949894736842105 -0.877930731133692
1.5949894736842105 -0.9018934838970881
1.6084736842105263 -0.9501278156078529
1.6065473684210527 -1.0076084631080908
1.6547052631578947 -1.0292596369241185
1.647 -1.0979256047525014
1.635442105263158 -1.1712147304756209
1.6681894736842104 -1.2491270140934772
1.6489263157894738 -1.2892417505504938
1.6392947368421054 -1.3598556983560428
1.6758947368421053 -1.4197218353812415
1.6874526315789475 -1.4727375980928992
1.6816736842105264 -1.5477133608045568
1.6701157894736844 -1.622538309178164
1.666263157894737 -1.6897930787237558
1.6855263157894738 -1.777624190976784
1.6855263157894738 -1.8551249755686667
1.6932315789473686 -1.9327679448774084
1.6990105263157897 -2.0115667036598337
1.708642105263158 -2.089289334173013
1.7356105263157897 -2.1484336875878847
1.7375368421052633 -2.230943948943196
1.7394631578947368 -2.326996017841206
1.7471684210526317 -2.422813839435375
1.7471684210526317 -2.514008503134807
1.7471684210526317 -2.6098263247289766
1.751021052631579 -2.70448835684946
1.7972526315789474 -2.7841251258120505
1.7760631578947368 -2.8683850526693777
1.7779894736842108 -2.9538007690003893
1.7953263157894739 -3.044995432699821
1.835778947368421 -3.1180008610891705
1.843484210526316 -3.199096815794309
1.8261473684210527 -3.2686348757626056
1.8184421052631579 -3.332393988362481
1.7972526315789474 -3.4169573114886718
1.7972526315789474 -3.4945858977727577
1.799178947368421 -3.57105869458316
1.799178947368421 -3.647531491393561
1.799178947368421 -3.7268339334090146
1.8011052631578948 -3.7956583790208396
1.83 -3.858700566413462
1.8280736842105263 -3.941391174858716
1.8338526315789474 -4.014806271148243
1.7934 -4.098986395420506
1.8184421052631579 -4.1857134090897015
1.8203684210526316 -4.2713965919217545
1.8203684210526316 -4.345391206593923
1.8184421052631579 -4.432099505476617
1.824221052631579 -4.512826892612524
1.8222947368421054 -4.5894823586990166
1.8165157894736843 -4.659619616221066
1.8145894736842108 -4.742722949757003
1.824221052631579 -4.833394300317835
1.8222947368421054 -4.922909861404982
1.8280736842105263 -5.011627894831081
1.8280736842105263 -5.082028639481211
1.8261473684210527 -5.158129337088284
1.824221052631579 -5.23982029986629
1.8107368421052632 -5.319199683696928
1.8030315789473685 -5.404358014895988
1.8107368421052632 -5.488360556621362
1.8011052631578948 -5.5841148957027835
1.7972526315789474 -5.665999761099996
1.8088105263157896 -5.7642485201608915
1.8126631578947368 -5.864979428253803
1.8068842105263156 -5.966866125820401
1.7972526315789474 -6.059506507597522
1.8088105263157896 -6.156770047269382
1.8126631578947368 -6.247088701358883
1.8203684210526316 -6.343186302816804
1.8338526315789474 -6.435816535853673
1.843484210526316 -6.541160453101069
1.843484210526316 -6.68117805455899
1.837705263157895 -6.777275656016912
1.8319263157894738 -6.860659573264308
1.8473368421052632 -6.938264543143283
1.8319263157894738 -7.0170253024959415
1.8280736842105263 -7.114278693427547
1.8261473684210527 -7.205753136990731
1.835778947368421 -7.311097054238127
1.8280736842105263 -7.414129392538154
1.824221052631579 -7.514850151890814
1.8319263157894738 -7.6201940691382095
1.8222947368421054 -7.715135881122448
1.7895473684210528 -7.810077693106685
1.7741368421052632 -7.905019505090923
1.787621052631579 -8.009207632864634
1.7837684210526317 -8.113395760638346
1.7722105263157897 -8.211804941043635
1.7799157894736843 -8.31136991092261
1.7895473684210528 -8.413246459748953
1.7741368421052632 -8.496630376996348
1.7683578947368421 -8.592727978454269
1.7779894736842108 -8.692292948333243
1.7799157894736843 -8.797636865580639
1.7799157894736843 -8.893734467038561
1.7664315789473686 -8.992143647443852
1.7722105263157897 -9.095175985743879
1.7722105263157897 -9.185494639833378
1.7568000000000001 -9.273501714975511
1.7568000000000001 -9.3719108953808
1.7606526315789475 -9.471475865259777
1.7645052631578948 -9.57104083513875
1.7490947368421053 -9.672917383965094
1.7471684210526317 -9.771326564370382
1.7606526315789475 -9.86280100793357
1.762578947368421 -9.9508080830757
1.7606526315789475 -10.049217263480992
1.7568000000000001 -10.145314864938914
1.7664315789473686 -10.24603562429157
1.7587263157894737 -10.347912173117914
1.7529473684210526 -10.444009774575836
1.7683578947368421 -10.537795797086389
1.7702842105263157 -10.633893398544311
1.781842105263158 -10.718433105265392
1.7837684210526317 -10.817998075144367
1.7837684210526317 -10.91756304502334
1.7779894736842108 -11.018283804375999
1.7548736842105264 -11.113225616360236
1.7587263157894737 -11.212790586239212
1.7702842105263157 -11.304265029802396
1.8011052631578948 -11.38996052599716
1.7934 -11.486058127455081
1.7934 -11.578688360491952
1.799178947368421 -11.678253330370925
1.7895473684210528 -11.774350931828847
1.762578947368421 -11.872760112234134
1.7837684210526317 -11.971169292639427
1.7972526315789474 -12.055708999360506
1.8030315789473685 -12.146027653450007
1.8030315789473685 -12.240969465434244
1.8011052631578948 -12.340534435313216
1.7895473684210528 -12.443566773613247
1.7683578947368421 -12.5373527961238
1.7664315789473686 -12.6276714502133
1.7914736842105263 -12.713366946408065
1.8011052631578948 -12.803685600497564
1.7934 -12.905562149323906
1.7779894736842108 -13.00165975078183
1.7568000000000001 -13.098913141713437
1.7336842105263157 -13.179780882313677
1.7336842105263157 -13.247212781862105
1.7683578947368421 -13.323888863831083
1.7664315789473686 -13.404032314221114
1.7760631578947368 -13.482890755961918
1.7799157894736843 -13.57816766386153
1.745242105263158 -13.668776641621461
1.7202 -13.752630690442244
1.7105684210526315 -13.831819632173469
1.7067157894736844 -13.927189626536272
1.7375368421052633 -14.004789507246644
1.7529473684210526 -14.079452058825964
1.7645052631578948 -14.175410809582042
1.7375368421052633 -14.271281298035676
1.6951578947368422 -14.343258382934122
1.6990105263157897 -14.42910494151678
1.6797473684210527 -14.510253238257187
1.7047894736842104 -14.582858333516036
1.714421052631579 -14.653062367859432
1.7298315789473686 -14.749378370804548
1.7356105263157897 -14.846182532465281
1.7240526315789475 -14.902816216675808
1.6816736842105264 -14.946736216675808
1.6585578947368422 -15.007993058781073
1.6816736842105264 -15.050757269307388
1.6836 -15.091209900886335
1.7028631578947369 -15.15593411141265
1.7047894736842104 -15.21372358509686
1.7067157894736844 -15.27960358509686
1.677821052631579 -15.332769900886335
1.647 -15.388247795623178
1.6604842105263158 -15.436790953517916
1.6681894736842104 -15.480710953517912
1.6701157894736844 -15.53734463772844
1.672042105263158 -15.593978321938968
1.6855263157894738 -15.66910463772844
1.6604842105263158 -15.730361479833702
1.6277368421052634 -15.780060427202125
1.635442105263158 -15.833226742991597
1.6450736842105265 -15.895639374570544
1.6508526315789476 -15.931468848254754
1.6681894736842104 -15.991569900886335
1.7009368421052633 -16.075942532465284
1.647 -16.144134111412654
1.6681894736842104 -16.201923585096864
1.672042105263158 -16.260868848254756
1.6797473684210527 -16.312879374570546
1.6547052631578947 -16.355643585096864
1.666263157894737 -16.41458884825476
1.7124947368421053 -16.515142532465283
1.6951578947368422 -16.5798667429916
1.6951578947368422 -16.63765621667581
1.7067157894736844 -16.696601479833706
1.6970842105263158 -16.75207937457055
1.6836 -16.813336216675815
1.6758947368421053 -16.87806042720213
1.6797473684210527 -16.94971937457055
1.6527789473684211 -17.01328779562318
1.6142526315789474 -17.081479374570552
1.6238842105263158 -17.13580147983371
1.6373684210526316 -17.190123585096867
1.6315894736842105 -17.25138042720213
1.6123263157894738 -17.303390953517916
1.6007684210526316 -17.369270953517916
1.6181052631578947 -17.4363067429916
1.6007684210526316 -17.5021867429916
1.6065473684210527 -17.56228779562318
1.6142526315789474 -17.620077269307394
1.5949894736842105 -17.667464637728443
1.598842105263158 -17.727565690360024
1.6026947368421052 -17.78651095351792
1.6258105263157894 -17.865104637728443
1.6181052631578947 -17.933296216675814
1.6277368421052634 -17.988774111412656
1.6450736842105265 -18.043096216675814
1.647 -18.092795164044237
1.6315894736842105 -18.13324779562318
1.635442105263158 -18.194504637728443
1.6604842105263158 -18.26731937457055
-0.8803263157894737 -18.898380427202127
