0.8745473684210526 0.19150105263157902
0.8764736842105263 0.1916377995833729
0.8803263157894737 0.19179870503158436
0.8764736842105263 0.191798534495644
0.8803263157894737 0.19179836395970362
0.8803263157894737 0.1917978919719311
0.8803263157894737 0.19179741998415856
0.8764736842105263 0.19179739761089887
0.8803263157894737 0.19179663318941165
0.8803263157894737 0.19179586876792465
0.8784000000000001 0.19179510434643743
0.8745473684210526 0.19176577971728892
0.8803263157894737 0.1917364550881404
0.8764736842105263 0.19170225170841038
0.8764736842105263 0.19166804832868034
0.8803263157894737 0.19394845368665314
0.8803263157894737 0.19162711525245868
0.8764736842105263 0.1916270868609804
0.8803263157894737 0.1939386332840064
0.8803263157894737 0.19393860075966418
0.8764736842105263 0.1939325031486604
0.8764736842105263 0.19161482659028828
0.8803263157894737 0.1916087289792846
0.8803263157894737 0.19160263136828082
0.8803263157894737 0.1916022144627869
0.8803263157894737 0.19160179755729279
0.8803263157894737 0.1915875608235067
0.8803263157894737 0.1915733240897206
0.8803263157894737 0.19155908735593463
0.8803263157894737 0.19153760004449527
0.8803263157894737 0.1915161127330558
0.8803263157894737 0.19149462542161644
0.8803263157894737 0.19147313811017697
0.8803263157894737 0.19375397538610217
0.8764736842105263 0.19372323371465883
0.8803263157894737 0.19138091309584726
0.8803263157894737 0.19130820670160886
0.8803263157894737 0.19123550030737058
0.8764736842105263 0.19119412468727348
0.8803263157894737 0.19088118216361338
0.8764736842105263 0.19085360849194632
0.8764736842105263 0.19082603482027904
0.8803263157894737 0.190798461148612
0.8764736842105263 0.19308458057982758
0.8803263157894737 0.19305912106367462
0.8803263157894737 0.19303366154752177
0.8764736842105263 0.19300820203136881
0.8764736842105263 0.19298274251521608
0.8803263157894737 0.1906457040516948
0.8764736842105263 0.1929318234829105
0.8803263157894737 0.19290636396675753
0.8803263157894737 0.19288090445060468
0.8803263157894737 0.19285544493445173
0.8764736842105263 0.19282998541829888
0.8803263157894737 0.19280452590214614
0.8803263157894737 0.19277906638599318
0.8803263157894737 0.1904101173713182
0.8764736842105263 0.190379441827645
0.8803263157894737 0.19245100911060875
0.8803263157894737 0.1899320407389733
0.8764736842105263 0.1899302640620565
0.8764736842105263 0.18981135677125427
0.8803263157894737 0.18961306785374787
0.8764736842105263 0.19190147260104762
0.8803263157894737 0.18939179423373698
0.8764736842105263 0.1915052737611631
0.8803263157894737 0.1891658555838559
0.8764736842105263 0.1914495953012857
0.8803263157894737 0.18911017712397837
0.8764736842105263 0.18908233789403972
0.8803263157894737 0.18905449866410096
0.8764736842105263 0.18902665943416208
0.8803263157894737 0.18899882020422332
0.8764736842105263 0.18897098097428455
0.8803263157894737 0.1889431417443458
0.8803263157894737 0.1887107475443195
0.8764736842105263 0.18819735379889546
0.8803263157894737 0.18784175883065457
0.8764736842105263 0.18748616386241357
0.8803263157894737 0.18713405343561051
0.8803263157894737 0.1870472124841447
0.8764736842105263 0.18696037153267886
0.8803263157894737 0.18687353058121292
0.8764736842105263 0.18686600556854271
0.8803263157894737 0.18686598429367962
0.8803263157894737 0.18686596301881653
0.8764736842105263 0.18686594174395366
0.8764736842105263 0.18686592046909056
0.8764736842105263 0.18686589919422747
0.8803263157894737 0.18686587791936438
0.8764736842105263 0.18802161211816348
0.8764736842105263 0.18802155684327837
0.8803263157894737 0.18802150156839337
0.8803263157894737 0.18802144629350803
0.872621052631579 0.1868656015449388
0.8706947368421053 0.18686554627005358
0.8706947368421053 0.18455391204780014
0.8706947368421053 0.18455313677451046
0.8764736842105263 0.18455236150122079
0.8706947368421053 0.18455158622793089
0.8764736842105263 0.182239232007273
0.872621052631579 0.1822384567339832
0.872621052631579 0.17992607276033212
0.872621052631579 0.1799252677340495
0.8687684210526316 0.1776128837603983
0.8668421052631579 0.17761207873411577
0.8687684210526316 0.17298811581309625
0.8629894736842105 0.17298731078681373
0.8629894736842105 0.17298716114251356
0.8629894736842105 0.16836385360347672
0.8668421052631579 0.16605212501180833
0.8629894736842105 0.16374039642013993
0.8591368421052632 0.16374024677583976
0.8629894736842105 0.15911693923680303
0.8629894736842105 0.15911678959250308
0.8610631578947369 0.1568050610008347
0.8610631578947369 0.15449333240916618
0.8610631578947369 0.1521816038174978
0.8610631578947369 0.14755829627846084
0.8572105263157895 0.14409077821310834
0.8572105263157895 0.14524407462201905
0.8533578947368422 0.14061842366250876
0.8533578947368422 0.1359927727029986
0.8533578947368422 0.13367870069085674
0.8495052631578949 0.12905304973134646
0.8533578947368422 0.12327160929815206
0.8456526315789473 0.11633437939127333
0.8533578947368422 0.11864504522993213
0.8456526315789473 0.11402097422648538
0.8456526315789473 0.10939690322303885
0.8456526315789473 0.10477283221959233
0.8456526315789473 0.10014876121614569
0.8398736842105263 0.0978362691600676
0.8475789473684211 0.09321219815662096
0.8398736842105263 0.08858812715317443
0.8398736842105263 0.08627563509709624
0.8398736842105263 0.0804957746199656
0.8340947368421052 0.07587170361651896
0.8379473684210527 0.07587045127383107
0.8340947368421052 0.0688386606378334
0.8340947368421052 0.06296265947552027
0.8340947368421052 0.053619289892154254
0.8321684210526317 0.04889907820352524
0.8283157894736842 0.04186728756752778
0.8321684210526317 0.04177023377363542
0.8283157894736842 0.034738443137637964
0.8244631578947369 0.030018231449008947
0.8244631578947369 0.022986440813011266
0.8206105263157896 0.01826622912438236
0.8244631578947369 0.013546017435753122
0.8244631578947369 0.01460475311554521
0.8167578947368421 0.012196120374284414
0.8167578947368421 0.012099066580392281
0.8206105263157896 0.009690433839131707
0.8109789473684211 0.014216537939976126
0.8109789473684211 0.01180790519871544
0.8109789473684211 0.01402243035219164
0.8109789473684211 0.013925376558299507
0.8109789473684211 0.0103609543433546
0.8013473684210526 0.01488705844419913
0.8013473684210526 0.01594579412399111
0.8013473684210526 0.015848740330098865
0.8013473684210526 0.018063265483575064
0.7974947368421053 0.020277790637051263
0.7936421052631579 0.02018073684315902
0.7897894736842106 0.020083683049266776
0.7897894736842106 0.023453997676427196
0.7897894736842106 0.01873378598779807
0.7840105263157895 0.022104100614958377
0.7878631578947368 0.01853967840001358
0.7878631578947368 0.025377361448226554
0.7820842105263158 0.027591886601702753
0.780157894736842 0.03442956964991584
0.7820842105263158 0.03317672638233948
0.7782315789473685 0.029612304167394354
0.7782315789473685 0.032982618794554996
0.7743789473684212 0.03172977552697842
0.7705263157894737 0.03394430068045462
0.7705263157894737 0.03615882583393071
0.7647473684210526 0.03837335098740691
0.7666736842105264 0.03827629719351466
0.7647473684210526 0.03817924339962242
0.7608947368421053 0.04039376855309862
0.7608947368421053 0.040296714759206376
0.7608947368421053 0.042511239912682575
0.757042105263158 0.04356997559247455
0.7531894736842105 0.04347292179858231
0.7551157894736842 0.04453165747837429
0.7551157894736842 0.04327881421079782
0.7531894736842105 0.04549333936427402
0.7551157894736842 0.04539628557038167
0.7493368421052632 0.04992238967122642
0.7512631578947369 0.04289059903522885
0.7223684210526315 0.0254567031360734
0.7165894736842106 0.03113859671060215
0.7339263157894736 0.048378385021973114
0.757042105263158 0.06215080491229141
0.7897894736842106 0.06783269848682028
0.7705263157894737 0.058489328903454374
0.757042105263158 0.053769117214825246
0.7454842105263159 0.05020469499988034
0.7474105263157895 0.048951851732303764
0.7435578947368421 0.05001058741209585
0.7435578947368421 0.05106932309188783
0.7435578947368421 0.05212805877167992
0.7435578947368421 0.05434258392515601
0.7435578947368421 0.04962237223652688
0.7435578947368421 0.047213739495266194
0.7397052631578948 0.04827247517505828
0.7397052631578948 0.04933121085485015
0.7397052631578948 0.05038994653464213
0.7358526315789474 0.04798131379338155
0.7397052631578948 0.044416891578436424
0.7397052631578948 0.047787206205597066
0.7416315789473685 0.0476901524117046
0.7416315789473685 0.045281519670444026
0.7416315789473685 0.046340255350236004
0.7416315789473685 0.04624320155634376
0.7416315789473685 0.04152298986771463
0.7416315789473685 0.04027014660013828
0.7416315789473685 0.041328882279930146
0.7474105263157895 0.043543407433406234
0.7435578947368421 0.04229056416582999
0.7454842105263159 0.04681666826667441
0.7416315789473685 0.045563824999097946
0.7377789473684211 0.045466771205205814
0.7397052631578948 0.04305813846394524
0.732 0.042961084670052996
0.7339263157894736 0.04170824140247642
0.7397052631578948 0.040455398134899956
0.7397052631578948 0.040358344341007824
0.7339263157894736 0.04026129054711547
0.7339263157894736 0.037852657805854784
0.7339263157894736 0.03775560401196265
0.7358526315789474 0.035346971270701966
0.732 0.03524991747680972
0.732 0.03862023210397014
0.7339263157894736 0.03621159936270946
0.7358526315789474 0.03611454556881721
0.7358526315789474 0.03486170230124086
0.7358526315789474 0.034764648507348506
0.7397052631578948 0.038134963134508926
0.732 0.040349488287985125
0.7339263157894736 0.02024792128448971
0.7358526315789474 0.0013021437546788528
0.7358526315789474 -0.017643633775132228
0.732 -0.036356256487592775
0.7397052631578948 -0.05506887920005321
0.732 -0.07682955895067589
0.7300736842105263 -0.09743444922761435
0.7358526315789474 -0.11403762266264128
0.7358526315789474 -0.13489137629221581
0.732 -0.1534335509744219
0.7339263157894736 -0.17544309407768088
0.7300736842105263 -0.1939852687598872
0.7339263157894736 -0.21224767715625903
0.7281473684210527 -0.22935429607894686
0.7339263157894736 -0.24761670447531892
0.7339263157894736 -0.2681906918190592
0.7242947368421053 -0.28855440190106185
0.7223684210526315 -0.30869177080910937
0.720442105263158 -0.32420598182242
0.7223684210526315 -0.3387537224257281
0.7088842105263159 -0.3622549411338488
0.7146631578947369 -0.3915351072103904
0.7146631578947369 -0.3896089574974583
0.7127368421052632 -0.4161851455078963
0.7088842105263159 -0.4223950296578368
0.7069578947368421 -0.4603673612603182
0.6954 -0.4673355327142209
0.6954 -0.48817317785233405
0.6896210526315789 -0.5133792058872232
0.6857684210526316 -0.5356773399473446
0.6838421052631579 -0.564910210849571
0.6780631578947369 -0.5918315028044293
0.6857684210526316 -0.6245317421277089
0.6934736842105264 -0.6526088235562512
0.6934736842105264 -0.6853090628795305
0.6722842105263158 -0.6911498664005703
0.6722842105263158 -0.7121477406037958
0.6568736842105263 -0.731628707713108
0.6453157894736843 -0.7560215201915316
0.6472421052631578 -0.7827259116173236
0.6453157894736843 -0.8125946433757766
0.6453157894736843 -0.8491105032076606
0.6414631578947368 -0.8796464014631616
0.6433894736842105 -0.9042433439417289
0.6453157894736843 -0.9293264576861558
0.6472421052631578 -0.9590327293253199
0.6491684210526316 -0.9827522997608954
0.6414631578947368 -1.0095437048614317
0.6568736842105263 -1.0409778487388763
0.6607263157894737 -1.0681424552056038
0.6819157894736843 -1.0979741671582648
0.6665052631578948 -1.1254943001635573
0.6684315789473684 -1.155138542298165
0.6742105263157895 -1.196765452203917
0.6665052631578948 -1.2252842683538634
0.6722842105263158 -1.2559430093610766
0.6742105263157895 -1.291947083449716
0.6819157894736843 -1.3291069470120394
0.6799894736842106 -1.3635636433569127
0.6915473684210527 -1.3942246867522177
0.6896210526315789 -1.425753067478742
0.6973263157894737 -1.4605036513386223
0.6992526315789475 -1.487862585265352
0.6857684210526316 -1.527287082087411
0.6915473684210527 -1.5643999999621023
0.6819157894736843 -1.6022738367506077
0.6896210526315789 -1.638590780721696
0.6838421052631579 -1.6782518769495756
0.6838421052631579 -1.7205826888608753
0.701178947368421 -1.7606019218248057
0.8244631578947369 -1.7685873572139759
0.8263894736842106 -1.8087625072585212
0.8244631578947369 -1.8381921952647593
0.8225368421052632 -1.8842712708385503
0.8437263157894738 -1.9022998408352505
0.8321684210526317 -1.9445999897793191
0.8129052631578947 -1.9915535074261892
0.8013473684210526 -2.0217733610946085
0.7743789473684212 -2.075218480356179
0.7474105263157895 -2.118707933814595
0.7743789473684212 -2.153567310401151
0.7859368421052632 -2.2022961606719176
0.7859368421052632 -2.2428424829645173
0.7820842105263158 -2.287795084561576
0.7647473684210526 -2.328124528263899
0.7647473684210526 -2.3788560772293796
0.7512631578947369 -2.4261202577738077
0.7512631578947369 -2.478007596212972
0.7358526315789474 -2.528739145178452
0.7608947368421053 -2.569068588880775
0.7628210526315791 -2.617488558898887
0.7628210526315791 -2.6693758973380515
0.7686000000000001 -2.7097053410403737
0.757042105263158 -2.7393308429208822
0.7551157894736842 -2.7932279237487587
0.7435578947368421 -2.8307149629851005
0.7474105263157895 -2.8670780357060583
0.7493368421052632 -2.9143959422154984
0.7474105263157895 -2.9589994130011266
0.7397052631578948 -3.014004989049911
0.7281473684210527 -3.0519134701660167
0.7146631578947369 -3.088327417575466
0.6954 -3.13135920331001
0.6799894736842106 -3.1798066066250255
0.6857684210526316 -3.2339053075568303
0.6761368421052631 -3.2718229558570564
0.6799894736842106 -3.3193303013990323
0.6780631578947369 -3.3609508544119167
0.6722842105263158 -3.4005069498525455
0.6665052631578948 -3.4493449651101584
0.6742105263157895 -3.5016787726315814
0.6761368421052631 -3.563258895942479
0.6626526315789474 -3.614454188429295
0.6510947368421054 -3.6580463871928512
0.6568736842105263 -3.6970259341180234
0.6588 -3.7443978144852363
0.6588 -3.7652208736926895
0.6684315789473684 -3.8565470907948813
0.6568736842105263 -3.903559201001752
0.6491684210526316 -3.9631536186139296
0.664578947368421 -4.028534337756955
0.6819157894736843 -4.077769041248184
0.6876947368421054 -4.128694829974909
0.6934736842105264 -4.167140498930873
0.6915473684210527 -4.2263903784131545
0.6934736842105264 -4.2886986710891595
0.6857684210526316 -4.347900678968739
0.6838421052631579 -4.399917171824902
0.6838421052631579 -4.457315779676185
0.6876947368421054 -4.519337545422205
0.6896210526315789 -4.559682213554609
0.6934736842105264 -4.623980227171939
0.6838421052631579 -4.688756098999842
0.6722842105263158 -4.731346306912676
0.6607263157894737 -4.794464348834369
0.6722842105263158 -4.859893969703427
0.6433894736842105 -4.913834109153844
0.6510947368421054 -4.983628981622868
0.6665052631578948 -5.048911535238842
0.6626526315789474 -5.105843096692199
0.6549473684210527 -5.1648776718017855
0.6549473684210527 -5.222756457437688
0.6568736842105263 -5.281791032547273
0.6356842105263157 -5.329267712920018
0.6318315789473684 -5.382523340661183
0.6414631578947368 -5.442713705244453
0.6588 -5.504059859301407
0.6414631578947368 -5.550380750200468
0.6414631578947368 -5.610621856413319
0.6472421052631578 -5.67522750589013
0.6703578947368422 -5.727296245386252
0.6299052631578947 -5.588681375902421
0.6433894736842105 -5.646941834773591
0.6472421052631578 -5.710328443873704
0.6549473684210527 -5.772559263500131
0.6222000000000001 -5.82669955681077
0.5836736842105263 -5.885463008016145
0.5701894736842106 -5.938447511853098
0.6318315789473684 -6.0284172788479475
0.6356842105263157 -6.090648098474375
0.653021052631579 -6.14363260231133
0.6472421052631578 -6.195461316674598
0.6222000000000001 -6.254224767879973
0.579821052631579 -6.316455587506402
0.554778947368421 -6.383309565027567
0.5509263157894737 -6.442073016232942
0.5528526315789474 -6.498524888490948
0.6202736842105263 -6.554976760748954
0.6356842105263157 -6.599870738270118
0.6279789473684211 -6.670192084212336
0.5933052631578947 -6.728955535417711
0.5894526315789473 -6.792342144517823
0.5624842105263158 -6.846482437828461
0.5567052631578947 -6.907557467981205
0.5778947368421052 -6.967476708660264
0.6106421052631579 -7.014682265128798
0.616421052631579 -7.063043611071014
0.6222000000000001 -7.1356765359606005
0.5971578947368422 -7.216399987165975
0.5509263157894737 -7.262449754160823
0.554778947368421 -7.320057415892515
0.5528526315789474 -7.381132446045257
0.5701894736842106 -7.4294937919874755
0.6048631578947369 -7.483634085298116
0.6087157894736842 -7.552799641766649
0.6106421052631579 -7.627744145603604
0.5933052631578947 -7.688819175756349
0.5412947368421053 -7.7302457848564625
0.5470736842105264 -7.800567130798681
0.549 -7.863953739898793
0.5470736842105264 -7.923872980577853
0.5721157894736842 -7.971078537046388
0.6029368421052632 -8.039088304041238
0.5913789473684211 -8.097851755246614
0.5644105263157896 -8.143901522241464
0.5663368421052631 -8.208443920815261
0.5355157894736842 -8.274142108862742
0.5316631578947368 -8.332905560068118
0.5297368421052632 -8.38473427443139
0.5682631578947369 -8.472135850318477
0.5894526315789473 -8.559537426205566
0.5875263157894737 -8.6434716336716
0.5759684210526317 -8.722782683242901
0.5220315789473684 -8.811340048603672
0.5258842105263158 -8.895274256069708
0.5201052631578947 -8.976896884588376
0.5412947368421053 -9.056207934159673
0.5393684210526316 -9.14592108899413
0.5663368421052631 -9.246036349091746
0.5316631578947368 -9.320724240768307
0.5374421052631578 -9.402346869286974
0.5046947368421053 -9.498994760963535
0.5124000000000001 -9.57946160000852
0.5085473684210526 -9.665707386421923
0.5085473684210526 -9.750797383361643
0.5374421052631578 -9.839354748722416
0.5586315789473685 -9.93137948250424
0.5451473684210526 -10.01646947944396
0.4969894736842106 -10.090001581646838
0.4969894736842106 -10.178558947007609
0.49506315789473687 -10.267116312368383
0.49313684210526315 -10.355673677729154
0.4969894736842106 -10.445386832563612
0.5528526315789474 -10.532788408450699
0.5682631578947369 -10.616722615916736
0.5393684210526316 -10.690254718119613
0.5124000000000001 -10.796148925585648
0.48350526315789477 -10.877771554104315
0.48543157894736844 -10.965173129991406
0.48543157894736844 -11.052574705878492
0.5124000000000001 -11.139976281765582
0.5162526315789474 -11.228533647126355
0.5393684210526316 -11.31824680196081
0.5201052631578947 -11.396402062058423
0.4796526315789474 -11.47455732215604
0.4680947368421053 -11.560803108569445
0.470021052631579 -11.64820468445653
0.470021052631579 -11.735606260343621
0.4603894736842105 -11.819540467809656
0.5181789473684211 -11.90578625422306
0.5220315789473684 -11.994343619583832
0.49891578947368426 -12.070187300734077
0.45075789473684214 -12.155277297673797
0.45846315789473685 -12.242678873560886
0.4603894736842105 -12.330080449447973
0.44883157894736847 -12.41401465691401
0.4777263157894737 -12.494481495958993
0.5143263157894737 -12.58419465079345
0.5143263157894737 -12.668128858259484
0.5008421052631579 -12.749751486778152
0.45846315789473685 -12.82906253634945
0.44690526315789475 -12.92224305960496
0.4411263157894737 -13.00733305654468
0.43342105263157893 -13.080865158747558
0.49506315789473687 -13.169422524108331
0.4873578947368421 -13.257979889469103
0.5046947368421053 -13.346537254829876
0.47387368421052634 -13.40042093598012
0.4218631578947369 -13.499380406604052
0.4295684210526316 -13.58678198249114
0.4103052631578948 -13.662625663641384
0.4103052631578948 -13.750027239528473
0.45461052631578946 -13.83396144699451
0.41608421052631583 -13.923674601828965
0.41608421052631583 -14.008764598768687
0.4295684210526316 -14.09501038518209
0.40645263157894734 -14.183567750542863
0.41223157894736845 -14.270969326429949
0.4026 -14.351436165474935
0.39874736842105263 -14.433058793993602
0.4026 -14.533174054091216
0.4045263157894737 -14.596304051030934
0.4430526315789474 -14.698730890075918
0.3929684210526316 -14.787288255436692
0.39874736842105263 -14.872378252376409
0.3929684210526316 -14.954000880895078
0.38526315789473686 -15.035623509413746
0.42378947368421055 -15.131115611616623
0.4449789473684211 -15.218517187503709
0.4449789473684211 -15.30360718444343
0.4430526315789474 -15.3852298129621
0.3929684210526316 -15.486500862533395
0.37370526315789476 -15.56696770157838
0.37177894736842104 -15.64974611957073
0.37948421052631576 -15.747549800720977
0.3756315789473684 -15.837262955555433
0.4276421052631579 -15.918885584074099
0.40837894736842106 -16.00050821259277
0.4006736842105263 -16.09715610426933
0.3698526315789474 -16.179934522261682
0.36214736842105266 -16.25346662446456
0.3582947368421053 -16.345491358246385
0.3640736842105263 -16.44907398676505
0.38911578947368425 -16.543410299494244
0.35251578947368417 -16.61809819117081
0.38141052631578953 -16.713590293373684
0.3409578947368421 -16.79527709526464
0.3428842105263158 -16.8838986339977
0.3351789473684211 -16.97046082482361
0.34481052631578946 -17.056493112918375
0.35251578947368417 -17.15055296714589
0.35444210526315795 -17.243825855540567
0.3428842105263158 -17.334588049409117
0.3409578947368421 -17.402757786225603
0.3505894736842105 -17.476706470410512
0.3197684210526316 -17.54048900440952
0.3409578947368421 -17.64687997771534
0.3294 -17.7314741720524
0.3428842105263158 -17.82683555111123
0.3428842105263158 -17.923352719643745
0.3159157894736842 -18.006659603176963
0.3409578947368421 -18.09411112947833
0.3043578947368421 -18.19331402300227
0.32169473684210526 -18.29630940500556
0.3255473684210527 -18.3821563419316
0.32169473684210526 -18.474938015699742
0.3255473684210527 -18.57891573094273
0.31784210526315787 -18.665543318750043
0.3159157894736842 -18.75642732813378
0.32747368421052636 -18.861339156363794
0.3120631578947369 -18.957062560966218
0.3120631578947369 -19.060876491884432
0.3062842105263158 -19.14673598700014
0.31013684210526316 -19.245339932742766
0.31013684210526316 -19.342319129391083
0.29665263157894733 -19.43050454686372
0.29665263157894733 -19.52709379086823
0.2985789473684211 -19.617904087504314
0.3043578947368421 -19.712181752561452
0.2928 -19.79605731235543
0.2908736842105263 -19.894958135307302
0.3005052631578948 -19.99154737931181
0.2889473684210526 -20.06270925489526
0.28702105263157895 -20.159298498899773
0.28702105263157895 -20.237395111325327
0.28702105263157895 -20.345542250066675
0.2850947368421053 -20.432885178281705
0.2850947368421053 -20.527162843338843
0.28702105263157895 -20.622596297869666
0.28702105263157895 -20.714562383979437
0.2773894736842105 -20.806137671789475
0.2581263157894737 -20.876330897771233
0.2812421052631579 -20.978400147329637
0.2716105263157895 -21.070279663352988
0.2696842105263158 -21.165631369158408
0.2735368421052632 -21.257515706542787
0.2735368421052632 -21.354526045861693
0.2716105263157895 -21.44934736998387
0.2716105263157895 -21.548294471098917
0.2658315789473684 -21.61417447109892
0.26390526315789475 -21.673119734256808
0.2581263157894737 -21.73322078688839
0.2658315789473684 -21.78754289215155
0.25620000000000004 -21.84070920794102
0.26390526315789475 -21.893875523730497
0.2542736842105263 -21.925081839519972
0.26197894736842103 -21.993273418467336
0.25620000000000004 -22.056841839519972
0.25620000000000004 -22.122721839519972
0.25042105263157893 -22.171264997414706
0.2542736842105263 -22.22789868162523
0.23886315789473686 -22.28568815530944
0.24656842105263158 -22.33769868162523
0.24271578947368422 -22.398955523730496
0.24271578947368422 -22.461368155309444
0.2542736842105263 -22.522624997414706
0.23886315789473686 -22.58041447109892
0.23886315789473686 -22.633580786888388
0.2350105263157895 -22.695993418467335
0.2330842105263158 -22.754938681625234
0.2350105263157895 -22.786144997414702
0.22730526315789473 -22.857803944783125
0.24464210526315788 -22.91328183951997
0.23693684210526317 -22.97107131320418
0.22345263157894737 -23.027704997414705
0.2215263157894737 -23.084338681625233
0.2215263157894737 -23.140972365835758
0.22345263157894737 -23.174490260572604
0.22537894736842107 -23.241526050046286
0.21960000000000002 -23.29006920794102
0.24464210526315788 -23.35363762899365
0.23886315789473686 -23.409115523730495
0.20996842105263158 -23.45881447109892
0.22345263157894737 -23.522382892151548
0.2330842105263158 -23.576704997414705
0.21382105263157894 -23.63218289215155
0.19263157894736843 -23.686504997414705
0.1964842105263158 -23.740827102677866
0.21382105263157894 -23.80555131320418
0.19455789473684212 -23.850627102677862
0.20226315789473684 -23.90148183951997
0.1964842105263158 -23.954648155309442
0.20804210526315792 -24.010126050046285
0.18877894736842105 -24.067915523730495
0.19070526315789477 -24.12108183951997
0.20418947368421053 -24.177715523730495
0.19455789473684212 -24.228570260572603
0.183 -24.27711341846734
0.19070526315789477 -24.33490289215155
0.19070526315789477 -24.39269236583576
0.19455789473684212 -24.448907252389528
0.183 -24.499761989231633
0.18877894736842105 -24.55870725238952
0.19070526315789477 -24.611873568178996
0.19263157894736843 -24.667351462915843
0.18685263157894738 -24.725140936600052
0.183 -24.772528305021105
0.18685263157894738 -24.837252515547423
0.17914736842105264 -24.877705147126367
0.18685263157894738 -24.92740409449479
0.18685263157894738 -25.0002188313369
0.18685263157894738 -25.055696726073737
0.183 -25.116953568179
0.17722105263157897 -25.16202935765268
0.17529473684210525 -25.223286199757947
0.17722105263157897 -25.26605041028426
0.17914736842105264 -25.306503041863213
0.17914736842105264 -25.370071462915842
0.18107368421052633 -25.446353568179
0.1714421052631579 -25.502987252389527
0.1733684210526316 -25.559620936600055
0.16951578947368423 -25.618566199757943
0.17722105263157897 -25.679823041863212
0.17722105263157897 -25.736456726073737
0.16566315789473685 -25.78378394404009
0.16951578947368423 -25.85197552298746
0.16566315789473685 -25.92132289140851
0.16373684210526318 -25.98142394404009
0.16758947368421054 -26.047303944040088
0.16951578947368423 -26.1050934177243
0.1714421052631579 -26.16172710193483
0.16758947368421054 -26.201023944040088
0.16758947368421054 -26.290019733513773
0.1502526315789474 -26.35936710193483
0.15603157894736844 -26.421779733513777
0.15603157894736844 -26.478413417724305
0.14254736842105264 -26.537358680882196
0.1598842105263158 -26.597459733513773
0.14832631578947367 -26.641379733513773
0.1367684210526316 -26.704948154566406
0.1367684210526316 -26.777762891408514
0.14062105263157895 -26.84364289140851
0.13869473684210526 -26.924548154566406
0.14062105263157895 -26.97443771692091
0.14062105263157895 -27.04262929586828
0.15410526315789475 -27.106197716920914
0.14062105263157895 -27.17092192744723
0.1444736842105263 -27.23217876955249
0.1502526315789474 -27.3049935063946
0.14254736842105264 -27.374340874815648
0.1367684210526316 -27.435597716920913
0.1444736842105263 -27.480673506394595
0.1367684210526316 -27.51534719060512
0.13869473684210526 -27.578915611657752
0.1464 -27.64941876955249
0.13869473684210526 -27.717610348499857
0.1367684210526316 -27.776555611657752
0.1348421052631579 -27.82278719060512
0.1348421052631579 -27.871330348499857
0.13869473684210526 -27.92102929586828
0.13869473684210526 -27.960326137973546
0.12713684210526316 -28.027361927447227
0.13098947368421052 -28.07821666428933
0.13098947368421052 -28.13253876955249
0.13098947368421052 -28.18454929586828
0.13098947368421052 -28.24465034849986
0.12906315789473685 -28.298972453763014
0.1329157894736842 -28.345204032710384
0.12713684210526316 -28.402993506394598
0.12713684210526316 -28.455004032710384
0.12906315789473685 -28.509326137973545
0.12906315789473685 -28.56942719060512
0.12713684210526316 -28.613347190605122
0.1348421052631579 -28.64802087481565
0.13869473684210526 -28.709277716920912
0.12328421052631579 -28.769378769552493
0.11943157894736843 -28.822545085341968
0.11750526315789475 -28.88264613797354
-1.677821052631579 -29.624662980078806
