1.3561263157894738 1.9899094736842105
1.3561263157894738 1.9843528135938033
1.3561263157894738 1.986662705528481
1.3561263157894738 1.9797262816736851
1.3561263157894738 1.9831919630820471
1.3522736842105263 1.9855018550167247
1.3561263157894738 1.9866559574777183
1.3561263157894738 1.9797195336229225
1.3561263157894738 1.980873636083916
1.3561263157894738 1.9854951069659625
1.3561263157894738 1.98780499890064
1.3561263157894738 1.97971278557216
1.3561263157894738 1.982022677506838
1.3561263157894738 1.9854883589152
1.3561263157894738 1.9797077245340882
1.3561263157894738 1.9820176164687662
1.3561263157894738 1.9854832978771282
1.3561263157894738 1.9889489792854902
1.3561263157894738 1.9912588712201678
1.3561263157894738 1.9981919210495827
1.3599789473684212 1.9947228656158393
1.3561263157894738 1.990098020708412
1.3561263157894738 1.9924079126430896
1.3561263157894738 1.997029383525136
1.3561263157894738 1.9924045386177083
1.3561263157894738 1.987779693710281
1.3561263157894738 1.9924011645923274
1.3561263157894738 1.9877763196848997
1.3561263157894738 1.980839895830104
1.3561263157894738 1.9866171561858343
1.3561263157894738 1.9889270481205124
1.3561263157894738 1.9843022032130846
1.3561263157894738 1.988923674095131
1.3561263157894738 1.9842988291877033
1.3561263157894738 1.9912318790171182
1.3561263157894738 1.983139665688638
1.3561263157894738 1.987761136570684
1.3561263157894738 1.9808247127158882
1.3561263157894738 1.9842903941242502
1.3561263157894738 1.9866002860589282
1.3561263157894738 1.9889101779936058
1.3561263157894738 1.9935316488756523
1.3580526315789474 1.9969973302840143
1.3580526315789474 1.993528274850271
1.3580526315789474 2.000461324679686
1.3580526315789474 1.995836479772258
1.3542 1.9946790032858832
1.3580526315789474 1.9923657373258243
1.3542 1.9969872082078708
1.3561263157894738 1.9935181527741275
1.3561263157894738 1.9912048868140682
1.3522736842105263 1.9865800419066408
1.3561263157894738 1.9900457233150028
1.3542 1.985420878407575
1.3542 1.987730770342253
1.3503473684210527 1.9831059254348258
1.348421052631579 1.9888831857905562
1.3522736842105263 1.9819467619357605
1.3464947368421054 1.9819450749230696
1.3503473684210527 1.9819433879103792
1.3503473684210527 1.9854090693187412
1.3503473684210527 1.9854073823060507
1.3542 1.980782537398623
1.348421052631579 1.9819366398596165
1.348421052631579 1.9819349528469261
1.3445684210526316 1.9819332658342352
1.3503473684210527 1.9830873682952288
1.3522736842105263 1.9842414707562224
1.3445684210526316 1.9888629416382688
1.3503473684210527 1.983082307257157
1.3445684210526316 1.9830806202444662
1.348421052631579 1.9842347227054602
1.3503473684210527 1.9853888251664538
1.348421052631579 1.9876987171011313
1.3426421052631579 1.9865412406147565
1.348421052631579 1.9888511325494345
1.3464947368421054 1.9853820771156911
1.3445684210526316 1.9900035479977376
1.3426421052631579 1.9853787030903098
1.3542 1.9865328055513034
1.3522736842105263 1.9842195395912445
1.3542 1.9888410104732905
1.3522736842105263 1.9842161655658632
1.3464947368421054 1.9853702680268568
1.421621052631579 1.9923033178562717
1.3580526315789474 1.981899525580423
1.3503473684210527 1.9830536280414166
1.3503473684210527 1.9876750989234626
1.4235473684210527 1.991140780331825
1.3561263157894738 1.9807369880559764
1.3734631578947367 1.98189109051697
1.4235473684210527 1.9830451929779636
1.4196947368421053 1.9841992954389571
1.4254736842105264 1.9830418189525822
1.3561263157894738 1.9841959214135758
1.3503473684210527 1.9853500238745694
1.3696105263157896 1.9876599158092474
1.4235473684210527 1.9911255972176094
1.4235473684210527 1.992279699678603
1.3599789473684212 1.9853432758238072
1.3561263157894738 1.9864973782848008
1.4274 1.985339901798426
1.3542 1.984182425312051
1.3522736842105263 1.9830249488256761
1.4293263157894738 1.9841790512866697
1.3503473684210527 1.9841773642739793
1.4293263157894738 1.9853314667349728
1.4274 1.985329779722282
1.4312526315789473 1.9853280927095915
1.4274 1.9841706162232167
1.421621052631579 1.9841689292105262
1.4274 1.9853230316715198
1.3619052631578947 1.984165555185145
1.3503473684210527 1.9853196576461385
1.3734631578947367 1.9853179706334476
1.421621052631579 1.9864720730944412
1.4235473684210527 1.9864703860817507
1.4312526315789473 1.9864686990690603
1.4254736842105264 1.9887785910037379
1.4274 1.9899326934647315
1.4293263157894738 1.989931006452041
1.4235473684210527 1.9899293194393501
1.4254736842105264 1.9910834219003442
1.4312526315789473 1.9887701559402848
1.3580526315789474 1.98761267945391
1.433178947368421 1.9887667819149035
1.3542 1.9864535159548447
1.4312526315789473 1.9864518289421542
1.4254736842105264 1.9876059314031478
1.4274 1.9852926654430885
1.4254736842105264 1.9841351889567136
1.4274 1.9864450808913916
1.4293263157894738 1.9852876044050167
1.433178947368421 1.9841301279186419
1.3638315789473685 1.9852842303796354
1.3542 1.985282543366945
1.433178947368421 1.9864366458279386
1.3542 1.9841233798678792
1.4312526315789473 1.9864332718025572
1.3561263157894738 1.9841200058424984
1.4293263157894738 1.985274108303492
1.3619052631578947 1.9864282107644855
1.3542 1.9864265237517946
1.4312526315789473 1.9887364156864726
1.3599789473684212 1.9864231497264133
1.2848526315789475 2.0060698837663544
1.2732947368421055 2.010691354648401
1.2713684210526315 2.0118454571093944
1.3002631578947368 1.9945069279914405
1.2848526315789475 1.9968168199261185
1.3041157894736843 1.999126711860796
1.3542 1.984099761690211
1.4370315789473684 1.9852538641512045
1.4485894736842106 1.9852521771385137
1.3696105263157896 1.9852504901258232
1.3522736842105263 1.9852488031131323
1.4351052631578949 1.9864029055741264
1.3522736842105263 1.9864012185614355
1.433178947368421 1.986399531548745
1.444736842105263 1.9840862655886857
1.3638315789473685 1.9863961575233637
1.444736842105263 1.9852386810369889
1.3599789473684212 1.9875485729716669
1.3445684210526316 1.98870267543266
1.3002631578947368 1.9921683568410224
1.250178947368421 2.010659301407279
1.2463263157894737 2.014124982815641
1.2810000000000001 1.9933190852766347
1.269442105263158 1.9956289772113123
1.2887052631578948 1.9956272901986218
1.275221052631579 1.9956256031859314
1.2598105263157895 1.997935495120609
1.2829263157894737 2.000245387055287
1.2444000000000002 2.004866857937333
1.2790736842105264 2.0048651709246426
1.2405473684210526 2.0094866418066886
1.2444000000000002 2.0106407442676826
1.2810000000000001 1.9921464256760442
1.2732947368421055 1.9921447386633537
1.2925578947368421 1.9921430516506629
1.2829263157894737 1.9944529435853409
1.2771473684210526 1.9990744144673869
1.2347684210526315 2.001384306402065
1.2790736842105264 2.00022682991569
1.2405473684210526 2.007159879745105
1.2463263157894737 2.00600240325873
1.2521052631578948 2.0071565057197236
1.2598105263157895 2.0048432397596643
1.3619052631578947 1.9875047106417107
1.3811684210526318 1.9932819709974412
1.2482526315789475 1.9955918629321188
1.2790736842105264 1.9955901759194283
1.2366947368421053 1.997900067854106
1.2713684210526315 1.995586801894047
1.2636631578947368 1.997896693828725
1.2578842105263157 1.9978950068160342
1.250178947368421 1.9990491092770277
1.2444000000000002 2.0013590012117057
1.2790736842105264 2.0036688931463833
1.2405473684210526 2.0082903640284298
1.250178947368421 2.007132887542055
1.250178947368421 2.0129101478977853
1.2559578947368422 2.014064250358779
1.2232105263157895 2.0152183528197725
1.2675157894736844 1.9921008763333976
1.2598105263157895 1.9909433998470227
1.2559578947368422 1.9886301338869639
1.3580526315789474 1.987472657400589
1.4139157894736842 1.9886267598615825
1.4139157894736842 1.9886250728488921
1.4235473684210527 1.9863118068888328
1.4274 1.9863101198761424
1.4370315789473684 1.987464222337136
1.444736842105263 1.985150956377077
1.464 1.9863050588380706
1.481336842105263 1.9816802139306429
1.4062105263157896 1.9909248427074262
1.4119894736842107 1.9943905241157882
1.4196947368421053 1.992077258155729
1.4620736842105264 1.990919781669354
1.4062105263157896 1.993229673604032
1.4235473684210527 1.9943837760650256
1.469778947368421 1.9932262995786507
1.4081368421052631 1.9920688230922758
1.4158421052631578 1.989755557132217
1.4678526315789473 1.988598080645842
1.3734631578947367 1.992063762054204
1.3888736842105265 1.9909062855678292
1.4004315789473685 1.9897488090814544
1.4081368421052631 1.990902911542448
1.4062105263157896 1.988589645582389
1.4139157894736842 1.9885879585696986
1.464 1.9862746926096393
1.481336842105263 1.9851172161232644
1.5449052631578948 2.0717997396368895
1.6142526315789474 2.0290338420978835
1.6181052631578947 2.030187944558877
1.6181052631578947 2.0209399417567124
1.6238842105263158 2.0012898336913905
1.635442105263158 1.986262883520805
1.6431473684210527 1.983949617560746
1.6527789473684211 1.9804805621270027
1.6527789473684211 1.9816346645879963
1.6585578947368422 1.9804771881016219
1.666263157894737 1.9781639221415626
1.6681894736842104 1.9735390772341348
1.6739684210526315 1.971225811274076
1.6855263157894738 1.967756755840333
1.7124947368421053 1.9619761214592213
1.689378947368421 1.9504165397096886
1.647 1.9561938000654187
1.6489263157894738 1.9585036920000967
1.6681894736842104 1.9573462155137218
1.677821052631579 1.9480982127115576
1.6836 1.9492523151725512
1.6855263157894738 1.9446274702651238
1.6913052631578946 1.9480931516734858
1.6932315789473686 1.9388451488713212
1.7105684210526315 1.9399992513323148
1.725978947368421 1.9480880906354137
1.6970842105263158 1.9319053509911441
1.7413894736842106 1.9272805060837168
1.7163473684210526 1.8798914506499735
1.7356105263157897 1.8313466057425463
1.7587263157894737 1.7828017608351185
2.0303368421052634 1.7793327054013754
2.2287473684210526 1.9145583868097376
2.1594 1.9827482787444155
1.9860315789473684 2.0833002759422508
1.9629157894736842 2.0728964836664026
1.953284210526316 2.0705832177063432
1.9436526315789473 2.062491004377863
1.9475052631578949 2.060177738417804
1.9359473684210526 2.056708682984061
1.9301684210526318 2.049772259129265
1.9128315789473684 2.040524256327101
1.9032 2.01856256931441
1.8839368421052631 2.000068250722772
1.8935684210526318 1.98041814265745
1.8877894736842107 1.9734817188026543
1.874305263157895 1.953831610737332
1.8627473684210527 1.930714134250957
1.8588947368421054 1.9099082367119506
1.849263157894737 1.8891023391729442
1.849263157894737 1.884477494265517
1.8396315789473685 1.8636715967265105
1.8319263157894738 1.8336193833980303
1.8222947368421054 1.81165769638534
1.8107368421052632 1.793163377793702
1.8030315789473685 1.7746690592020637
1.8030315789473685 1.7688884248209522
1.7895473684210528 1.7457709483345774
1.7779894736842108 1.7238092613218867
1.7683578947368421 1.7030033637828803
1.7568000000000001 1.6752627294017686
1.745242105263158 1.6544568318627624
1.7394631578947368 1.645208829060598
1.725978947368421 1.6220913525742229
1.708642105263158 1.5862601918773218
1.689378947368421 1.5631427153909472
1.6797473684210527 1.5377136599572039
1.6643368421052633 1.504194078207671
1.6585578947368422 1.4984134438265595
1.647 1.4729843883928162
1.6238842105263158 1.4394648066432836
1.6065473684210527 1.4047894354200665
1.5892105263157894 1.3701140641968497
1.5660947368421052 1.3296597456052117
1.560315789473684 1.297295953329363
1.5583894736842105 1.2984500557903567
1.5410526315789475 1.2626188950934556
1.5217894736842106 1.2267877343965545
1.5044526315789475 1.194423942120706
1.483263157894737 1.1585927814238048
1.489042105263158 1.1585910944111142
1.4717052631578948 1.1239157231878973
1.452442105263158 1.088084562490996
1.4351052631578949 1.047630243899358
1.4158421052631578 1.0129548726761413
1.398505263157895 0.9759679225055559
1.4004315789473685 0.9736546565454969
1.3734631578947367 0.9366677063749115
1.3542 0.8973691772569576
1.3349368421052632 0.853447490244267
1.3176 0.8291742242842081
1.3041157894736843 0.7921872741136227
1.3002631578947368 0.7875624292061952
1.2810000000000001 0.7517312685092941
1.2617368421052633 0.7147443183387087
1.2463263157894737 0.6754457892207549
1.2289894736842104 0.6396146285238538
1.2058736842105264 0.6072508362480054
1.2058736842105264 0.603781780814262
1.1866105263157893 0.5667948306436768
1.1692736842105262 0.5425215646836177
1.1500105263157894 0.5194040881972428
1.1288210526315792 0.5020655590792891
1.1076315789473685 0.4824154510139669
1.092221052631579 0.4720116587381184
1.0883684210526317 0.46854260330437514
1.067178947368421 0.4523598636601056
1.0479157894736841 0.4384887029632044
1.0267263157894737 0.42461754226630327
1.013242105263158 0.41421374999045474
1.0113157894736842 0.4130562735040799
0.9997578947368421 0.40611984964928405
0.9882000000000001 0.4049623731629092
0.9997578947368421 0.4338554229923239
1.0093894736842106 0.465060051769107
1.0228736842105264 0.4927973121248374
1.0228736842105264 0.48932825669109414
0.8283157894736842 0.4477181486257719
0.7878631578947368 0.3552533037183444
0.7435578947368421 0.2893716167056538
0.7300736842105263 0.29283729811401593
0.7974947368421053 0.27318719004869374
0.7974947368421053 0.2928339240886346
0.8899578947368422 0.3159480265496283
0.9650842105263159 0.34599686585272715
0.9554526315789474 0.32519096831372063
0.9130736842105264 0.307852439195767
0.8437263157894738 0.31362969955149744
0.8437263157894738 0.31709538095985934
0.8418 0.30322422026295826
0.9246315789473685 0.2743277964081623
1.0286526315789475 0.29744189886915595
1.072957894736842 0.3309581065933075
1.0267263157894737 0.3009058932648273
0.982421052631579 0.2685421009889788
0.9708631578947369 0.2673846245026039
0.9034421052631578 0.27085030591096604
0.9535263157894737 0.1159728294245913
1.055621052631579 0.09401114241190056
1.0614000000000001 0.028645443545803673
1.0517684210526317 -0.03325288689924055
1.0382842105263157 -0.08706069102849545
1.0267263157894737 -0.14318007410511868
1.0074631578947368 -0.20365478736956633
1.0228736842105264 -0.2652852901076982
1.0267263157894737 -0.3188252665300405
1.0286526315789475 -0.38161155874185637
1.0344315789473684 -0.44324206147998824
1.0382842105263157 -0.5060283536918045
1.049842105263158 -0.5676588564299362
1.0382842105263157 -0.6350683065364892
1.055621052631579 -0.6978545987483052
1.0787368421052632 -0.7525503646443316
1.1577157894736845 -0.7714166568561477
1.2944842105263157 -0.7174682122258588
1.2713684210526315 -0.7455808202271484
1.286778947368421 -0.801432375596859
1.311821052631579 -0.8595955099139384
1.3002631578947368 -0.9235375915994387
1.3176 -0.9736101996007284
1.3195263157894737 -1.028305965496755
1.2983368421052632 -1.0552627840243605
1.3041157894736843 -1.1272953920256503
1.3079684210526314 -1.206262736869045
1.3098947368421054 -1.2759837659229665
1.3098947368421054 -1.3445490055032039
1.3214526315789474 -1.403867929293967
1.3310842105263159 -1.4608752741373623
1.2771473684210526 -1.540998408454441
1.3098947368421054 -1.6164983848767842
1.3310842105263159 -1.6596362560359683
1.2944842105263157 -1.7374478114056795
1.2655894736842104 -1.8141035773017054
1.2559578947368422 -1.8815130274082588
1.2790736842105264 -1.9385203722516535
1.3176 -1.9573866644634696
1.3330105263157896 -2.015549798780549
1.3561263157894738 -2.071401354150259
1.3561263157894738 -2.122629751625234
1.3464947368421054 -2.1784813069949442
1.3330105263157896 -2.24935812552255
1.3638315789473685 -2.2948075756291026
1.3734631578947367 -2.35528228889355
1.3715368421052632 -2.4041991074211557
1.3696105263157896 -2.463518031211919
1.365757894736842 -2.5286159023711035
1.3908 -2.5798442998460773
1.404284210526316 -2.6484095394263147
1.4062105263157896 -2.7158189895328677
1.4081368421052631 -2.7797610712183682
1.4274 -2.8413915739565
1.4119894736842107 -2.905333655642
1.421621052631579 -2.9727431057485525
1.4274 -3.025127292697211
1.4293263157894738 -3.0844462164879745
1.4235473684210527 -3.1356746139629483
1.4274 -3.2123303798589746
1.4351052631578949 -3.267026145755001
1.4235473684210527 -3.309008227440502
1.4158421052631578 -3.39722188807337
1.4196947368421053 -3.4623197592325545
1.4100631578947367 -3.5262618409180546
1.4100631578947367 -3.607540764708818
1.4062105263157896 -3.6680154779732663
1.3965789473684211 -3.7169322965008713
1.4100631578947367 -3.7589143781863714
1.404284210526316 -3.7720017230297667
1.4119894736842107 -3.800114331031056
1.4196947368421053 -3.7993322021902416
1.3753894736842107 -3.9014153365073203
1.3387894736842108 -3.9734479445086097
1.3927263157894738 -4.039701605141477
1.3908 -4.103643686826978
1.398505263157895 -4.167585768512479
1.385021052631579 -4.2315278501979785
1.402357894736842 -4.295469931883479
1.4274 -4.367502539884769
1.4235473684210527 -4.424509884728163
1.421621052631579 -4.490763545361033
1.4177684210526318 -4.5477708902044265
1.4196947368421053 -4.5989992876794
1.404284210526316 -4.660629790417534
1.4312526315789473 -4.732662398418824
1.446663157894737 -4.807006585367482
1.452442105263158 -4.866325509158244
1.4485894736842106 -4.925644432949008
1.4293263157894738 -4.975717040950298
1.4293263157894738 -5.018854912109481
1.4100631578947367 -5.085108572742351
1.4428105263157895 -5.147894864954167
1.4370315789473684 -5.2106811571659835
1.4177684210526318 -5.278090607272536
1.4428105263157895 -5.338565320536984
1.446663157894737 -5.396728454854063
1.444736842105263 -5.452580010223773
1.4370315789473684 -5.509587355067169
1.4351052631578949 -5.579308384121089
1.446663157894737 -5.660587307911854
1.4659263157894737 -5.718750442228933
1.4620736842105264 -5.778069366019696
1.444736842105263 -5.832765131915723
1.440884210526316 -5.892084055706486
1.440884210526316 -5.954870347918302
1.438957894736842 -6.019968219077487
1.438957894736842 -6.086221879710355
1.4678526315789473 -6.1432292245537505
1.4620736842105264 -6.204859727291882
1.452442105263158 -6.25724391424054
1.4485894736842106 -6.317718627504988
1.440884210526316 -6.368947024979962
1.452442105263158 -6.436356475086515
1.433178947368421 -6.499142767298331
1.4582210526315789 -6.553838533194357
1.4312526315789473 -6.613157456985121
1.4543684210526318 -6.667853222881147
1.4485894736842106 -6.730639515092963
1.4428105263157895 -6.774933175725831
1.4485894736842106 -6.844654204779753
1.452442105263158 -6.908596286465254
1.452442105263158 -6.962136262887597
1.4428105263157895 -7.023766765625728
1.4235473684210527 -7.046942518225479
1.444736842105263 -7.057404586614703
1.440884210526316 -7.078268760267086
1.4370315789473684 -7.1187813549721
1.4370315789473684 -7.140801318098166
1.433178947368421 -7.163977070697916
1.4274 -7.185997033823984
1.4293263157894738 -7.210328575897419
1.433178947368421 -7.224258012707695
1.4293263157894738 -7.250901133728501
1.4158421052631578 -7.286790570538777
1.4158421052631578 -7.312277902085899
1.402357894736842 -7.328518917843546
1.402357894736842 -7.352850459916981
1.4139157894736842 -7.373714633569364
1.4177684210526318 -7.392267228274379
1.404284210526316 -7.421221928242552
1.404284210526316 -7.445553470315987
1.3869473684210527 -7.472196591336793
1.3869473684210527 -7.483814449199702
1.365757894736842 -7.511613359694191
1.3792421052631578 -7.523231217557102
1.3811684210526318 -7.545251180683168
1.3773157894736843 -7.573050091177658
1.3773157894736843 -7.5996932121984635
1.3753894736842107 -7.624024754271899
1.3619052631578947 -7.644888927924281
1.3464947368421054 -7.669220469997718
1.3542 -7.693552012071155
1.3522736842105263 -7.716727764670905
1.3464947368421054 -7.744526675165394
1.3330105263157896 -7.768858217238831
1.3349368421052632 -7.792033969838583
1.3310842105263159 -7.815209722438334
1.3195263157894737 -7.836073896090719
1.3253052631578948 -7.860405438164154
1.3272315789473685 -7.881269611816538
1.3195263157894737 -7.907912732837341
1.311821052631579 -7.922997959121304
1.3021894736842108 -7.936927395931582
1.2810000000000001 -7.965882095899756
1.2906315789473686 -7.9879020590258225
1.2983368421052632 -8.005298864257155
1.2944842105263157 -8.022695669488485
1.2810000000000001 -8.044715632614553
1.2810000000000001 -8.059800858898516
1.2771473684210526 -8.085288190445636
1.2790736842105264 -8.106152364098019
1.2655894736842104 -8.168564995676967
1.2655894736842104 -8.226354469361178
-1.1114842105263159 -8.92723659736301
