-0.3871894736842106 -0.26734736842105267
-0.3871894736842106 -0.2693645467666633
-0.3910421052631579 -0.2716759759489421
-0.38911578947368425 -0.2739877046614002
-0.38911578947368425 -0.278611012321227
-0.3929684210526316 -0.2820785305073693
-0.3948947368421053 -0.2843902592198274
-0.3948947368421053 -0.28785777740596996
-0.3948947368421053 -0.29016950611842807
-0.3948947368421053 -0.29248123483088617
-0.3948947368421053 -0.2994161214380814
-0.39682105263157896 -0.30057206067685527
-0.39682105263157896 -0.30635115781036604
-0.39874736842105263 -0.30866288652282436
-0.4026 -0.31097461523528225
-0.4006736842105263 -0.31236134524848314
-0.4006736842105263 -0.31893912725427687
-0.4026 -0.3247949022188651
-0.4045263157894737 -0.32838232134073986
-0.40645263157894734 -0.3365928983573513
-0.4103052631578948 -0.3355571595844894
-0.4141578947368421 -0.3414561576537324
-0.41608421052631583 -0.3463242396099012
-0.4141578947368421 -0.3671139208902602
-0.39874736842105263 -0.3935239128687166
-0.3948947368421053 -0.4159363522781273
-0.3929684210526316 -0.42447931800332783
-0.3948947368421053 -0.43432149593419267
-0.3871894736842106 -0.4714870721242944
-0.39874736842105263 -0.4693186525204137
-0.4103052631578948 -0.466543632496358
-0.4180105263157895 -0.4648570199640695
-0.4218631578947369 -0.46085882848441295
-0.43342105263157893 -0.45620424373885393
-0.4411263157894737 -0.4541088419137972
-0.45461052631578946 -0.45086395401189805
-0.46231578947368424 -0.4548214271101002
-0.47194736842105267 -0.461025533267421
-0.47387368421052634 -0.4598784170317195
-0.4758 -0.4657739534808133
-0.5085473684210526 -0.46577914245594754
-0.5201052631578947 -0.4681049487485397
-0.5220315789473684 -0.4694616479954338
-0.5297368421052632 -0.47724390131390837
-0.5278105263157895 -0.47608922281406196
-0.5355157894736842 -0.4814763499514557
-0.5393684210526316 -0.4888234460213171
-0.5470736842105264 -0.49559741262950074
-0.5509263157894737 -0.5002926256957475
-0.5586315789473685 -0.5079460884991759
-0.5586315789473685 -0.5202227091973407
-0.5682631578947369 -0.5283491271148756
-0.5721157894736842 -0.5371765134589469
-0.5740421052631579 -0.5435650714626502
-0.579821052631579 -0.5492369436851999
-0.5875263157894737 -0.5578315704354911
-0.5817473684210526 -0.5687377761331508
-0.579821052631579 -0.5706723794332668
-0.5778947368421052 -0.5786879322787394
-0.5759684210526317 -0.5877177705159414
-0.5778947368421052 -0.5986371303615007
-0.579821052631579 -0.6095829270296586
-0.5817473684210526 -0.6072727513968245
-0.5856 -0.6189288311259346
-0.5875263157894737 -0.629950220002759
-0.5817473684210526 -0.6424136531996653
-0.5856 -0.6559157462177542
-0.5856 -0.6670614003387264
-0.5856 -0.6782070544596986
-0.5856 -0.6915482375875316
-0.5817473684210526 -0.7003172787070248
-0.5875263157894737 -0.7111026996843871
-0.579821052631579 -0.7258783442551154
-0.5778947368421052 -0.7400223549056543
-0.5778947368421052 -0.7400274665928407
-0.5778947368421052 -0.750303956847748
-0.5836736842105263 -0.7590743864624968
-0.5894526315789473 -0.7659384506368222
-0.5894526315789473 -0.7803144618346697
-0.5913789473684211 -0.7901649447409199
-0.5933052631578947 -0.803482796068223
-0.5933052631578947 -0.8143222408408771
-0.5952315789473684 -0.8257982342395916
-0.5990842105263158 -0.8371077713647198
-0.6048631578947369 -0.8483414025358839
-0.6067894736842105 -0.8573701215087152
-0.6125684210526317 -0.8733335773236525
-0.616421052631579 -0.8878202224103869
-0.6260526315789474 -0.9069549270671659
-0.6299052631578947 -0.9199878273315755
-0.6356842105263157 -0.9341442239808168
-0.6356842105263157 -0.949431599215428
-0.6395368421052632 -0.9482810935407807
-0.6491684210526316 -0.9648480148287889
-0.6549473684210527 -0.9805709495380334
-0.6588 -0.9915279283329533
-0.6607263157894737 -1.0068352050535974
-0.6665052631578948 -1.023277672378148
-0.6665052631578948 -1.025592423670867
-0.6799894736842106 -1.0439966461625758
-0.6857684210526316 -1.0599455581544568
-0.6915473684210527 -1.0849448589905637
-0.701178947368421 -1.102085209115104
-0.7050315789473683 -1.1195005575541974
-0.7069578947368421 -1.1206638760357635
-0.7108105263157894 -1.1374493373361707
-0.7069578947368421 -1.1604342834551127
-0.720442105263158 -1.1843211678753662
-0.7242947368421053 -1.2055274386515613
-0.7358526315789474 -1.2273140092872903
-0.7339263157894736 -1.2274587488822015
-0.7358526315789474 -1.2509414926863451
-0.7397052631578948 -1.2722628332196613
-0.7377789473684211 -1.2938727378051493
-0.7300736842105263 -1.314131245359337
-0.726221052631579 -1.3394508625794281
-0.726221052631579 -1.357835742957414
-0.7339263157894736 -1.3842315452054095
-0.7377789473684211 -1.409972690446072
-0.732 -1.4411264234197536
-0.732 -1.4650797078680236
-0.7300736842105263 -1.489743755496037
-0.720442105263158 -1.517875171545103
-0.7050315789473683 -1.5464995130370354
-0.6819157894736843 -1.5751612474325647
-0.7069578947368421 -1.5944824776926145
-0.7358526315789474 -1.6172408369407019
-0.7300736842105263 -1.6466360642300106
-0.7146631578947369 -1.6748755020456354
-0.7397052631578948 -1.6921265241508867
-0.732 -1.7174873074694768
-0.7589684210526315 -1.733506241498961
-0.7474105263157895 -1.7677877104633595
-0.732 -1.7847194286693124
-0.7628210526315791 -1.7881931155316702
-0.7474105263157895 -1.8095862979529507
-0.780157894736842 -1.8414068915794317
-0.7878631578947368 -1.865239135330952
-0.8052 -1.8837843071248859
-0.8032736842105264 -1.9001099487998183
-0.7974947368421053 -1.926837695737909
-0.7743789473684212 -1.9489358184437204
-0.7936421052631579 -1.9761347087796595
-0.7763052631578947 -1.9991806364064901
-0.7917157894736842 -2.0304868483275405
-0.8090526315789474 -2.0547046443002897
-0.7859368421052632 -2.084701387641459
-0.7974947368421053 -2.110062073944992
-0.8013473684210526 -2.134824436209056
-0.8129052631578947 -2.1598689845262555
-0.8244631578947369 -2.1908856161459713
-0.8052 -2.216149101784496
-0.8186842105263158 -2.2448799558440724
-0.8302421052631579 -2.283514473664745
-0.8129052631578947 -2.3008091412646685
-0.8321684210526317 -2.326642124916948
-0.8456526315789473 -2.3551052844208433
-0.8572105263157895 -2.386066646511009
-0.8610631578947369 -2.387227805247659
-0.8764736842105263 -2.417169109573589
-0.8572105263157895 -2.4426835385878567
-0.8687684210526316 -2.480084584635406
-0.8552842105263158 -2.5126682403024763
-0.8745473684210526 -2.544608495802979
-0.8899578947368422 -2.5552362882865856
-0.8841789473684211 -2.5776160605566187
-0.9015157894736843 -2.618771607237775
-0.8880315789473684 -2.6440364860206707
-0.9130736842105264 -2.6836444717616432
-0.8861052631578948 -2.7095184545729842
-0.8938105263157895 -2.7118416464493524
-0.9092210526315789 -2.7479720175707874
-0.9111473684210527 -2.7907148748890616
-0.915 -2.8204550081077815
-0.9169263157894737 -2.8700796146850696
-0.9188526315789475 -2.8946019824799945
-0.9265578947368421 -2.9410843502749198
-0.9304105263157895 -2.9702883067856147
-0.8861052631578948 -3.019812611593325
-0.9015157894736843 -3.057437548961286
-0.9092210526315789 -3.104584131931317
-0.915 -3.1609792897261033
-0.9169263157894737 -3.1861681317314168
-0.9188526315789475 -3.2388466515886347
-0.9284842105263158 -3.284854213994722
-0.8340947368421052 -3.24359303590578
-0.8263894736842106 -3.2785080695993885
-0.8533578947368422 -3.3477296648281203
-0.8475789473684211 -3.377654417951589
-0.8861052631578948 -3.4440378379905954
-0.8918842105263158 -3.465354188071229
-0.8591368421052632 -3.4833970154651728
-0.8437263157894738 -3.5157101722045145
-0.8456526315789473 -3.5511536664519894
-0.8475789473684211 -3.588908739646832
-0.8591368421052632 -3.6280674751530477
-0.8687684210526316 -3.671703359725559
-0.8995894736842105 -3.7146582697213133
-0.915 -3.761817039816202
-0.9130736842105264 -3.792478578404278
-0.8976631578947369 -3.8300748538344593
-0.8803263157894737 -3.8682804463034963
-0.8764736842105263 -3.9031037823126042
-0.8803263157894737 -3.943341257865446
-0.8938105263157895 -3.986454819475194
-0.9092210526315789 -4.0286752415647635
-0.9072947368421054 -4.0685840847069645
-0.9246315789473685 -4.106031205700092
-0.9188526315789475 -4.142714929886514
-0.8976631578947369 -4.1719507307773975
-0.8899578947368422 -4.21159105331426
-0.8995894736842105 -4.2495905574814445
-0.9072947368421054 -4.292213219543368
-0.9169263157894737 -4.3345525130946
-0.9323368421052632 -4.376785599370132
-0.9650842105263159 -4.423305639171721
-0.9612315789473685 -4.460176487639561
-0.945821052631579 -4.492660299291135
-0.9381157894736842 -4.536702005679549
-0.9284842105263158 -4.574637084789344
-0.9304105263157895 -4.618354787087833
-0.9381157894736842 -4.664070528868042
-0.9477473684210527 -4.70539959640004
-0.9785684210526315 -4.754258820403773
-0.9785684210526315 -4.804273833881191
-0.9978315789473685 -4.8485466214351405
-0.976642105263158 -4.896071825044297
-0.9516 -4.939524675845743
-0.9496736842105263 -4.977552385188797
-0.9554526315789474 -5.027149795409728
-0.9593052631578948 -5.072124047735922
-0.9670105263157895 -5.126376833072446
-0.9804947368421053 -5.171758165062153
-1.0093894736842106 -5.21942796206921
-0.9978315789473685 -5.26411065114279
-0.982421052631579 -5.303415856830965
-0.9843473684210526 -5.3438768519928255
-0.9785684210526315 -5.386609556508307
-0.976642105263158 -5.4366956691510815
-0.9882000000000001 -5.481551016463945
-0.9997578947368421 -5.5315143764358785
-1.0344315789473684 -5.579729495628196
-1.0267263157894737 -5.629100404294197
-1.0228736842105264 -5.67012681234723
-1.0151684210526317 -5.7287499745762505
-0.9862736842105263 -5.7725535905830725
-0.9882000000000001 -5.8187814947373395
-0.9920526315789474 -5.86431005395541
-1.0036105263157895 -5.9144617710682175
-1.0209473684210528 -5.965967554969027
-1.067178947368421 -6.012880013422671
-1.0536947368421052 -6.054857645440923
-1.030578947368421 -6.11531839845811
-1.019021052631579 -6.165472587355874
-1.0209473684210528 -6.215626776253637
-1.0248000000000002 -6.272707784266007
-1.0363578947368421 -6.331097856708974
-1.0517684210526317 -6.391086695300933
-1.0960736842105263 -6.451648377293204
-1.0883684210526317 -6.5109452475259895
-1.0787368421052632 -6.5725536967061435
-1.0594736842105263 -6.632271471437171
-1.049842105263158 -6.695241177154383
-1.0517684210526317 -6.758575199067456
-1.0614000000000001 -6.830067625197048
-1.0748842105263157 -6.901681365553846
-1.084515789473684 -6.975606684858013
-1.117263157894737 -7.046084980399007
-1.1114842105263159 -7.115719569753304
-1.086442105263158 -7.1923638644204075
-1.0768105263157894 -7.268112463123327
-1.084515789473684 -7.343645452688163
-1.0902947368421052 -7.423801600147737
-1.0960736842105263 -7.499979656534338
-1.1153368421052632 -7.583246370417726
-1.153863157894737 -7.659094209306678
-1.1500105263157894 -7.737010641477486
-1.1288210526315792 -7.813694816582535
-1.1288210526315792 -7.891534781161267
-1.1153368421052632 -7.970621109896271
-1.1249684210526316 -8.048794711545114
-1.1326736842105263 -8.125011106800075
-1.1519368421052634 -8.204468783830947
-1.1885368421052633 -8.286324287401914
-1.1866105263157893 -8.358933475183406
-1.1750526315789473 -8.43352030713799
-1.1500105263157894 -8.504164370945437
-1.1403789473684212 -8.578385467169044
-1.1442315789473685 -8.651981433941502
-1.1480842105263158 -8.71860655729555
-1.1557894736842105 -8.79678957538644
-1.1750526315789473 -8.884048091624098
-1.2097263157894738 -8.961564488434918
-1.1923894736842104 -9.026773515336668
-1.1885368421052633 -9.085888719778348
-1.1673473684210527 -9.155140765846157
-1.1654210526315791 -9.231327548756072
-1.1712 -9.303856230953764
-1.1808315789473685 -9.371322854248042
-1.2078 -9.444239537303758
-1.2559578947368422 -9.504724854237793
-1.2521052631578948 -9.570542864336689
-1.2424736842105264 -9.647918769172426
-1.2058736842105264 -9.733982681664907
-1.202021052631579 -9.808205842376019
-1.2097263157894738 -9.87935830225995
-1.2212842105263157 -9.959183640903259
-1.2444000000000002 -10.033372705174852
-1.2463263157894737 -10.113340716814866
-1.2675157894736844 -10.179259917422094
-1.2521052631578948 -10.245817185587553
-1.2097263157894738 -10.32191507135794
-1.2097263157894738 -10.39657350937933
-1.213578947368421 -10.474327028560332
-1.2212842105263157 -10.55092475826765
-1.232842105263158 -10.62540505201356
-1.2540315789473686 -10.703065975630171
-1.2906315789473686 -10.772966986731987
-1.2636631578947368 -10.848591250668905
-1.2193578947368422 -10.922618871219784
-1.2193578947368422 -10.998958070718032
-1.2212842105263157 -11.071644401918771
-1.232842105263158 -11.144135252573143
-1.250178947368421 -11.214745350126382
-1.2771473684210526 -11.291804624832977
-1.3041157894736843 -11.363495664576087
-1.3021894736842108 -11.437498283266562
-1.2655894736842104 -11.509895721011462
-1.2270631578947369 -11.574823443865347
-1.2270631578947369 -11.636283798298182
-1.232842105263158 -11.703523100099435
-1.2424736842105264 -11.769606612427006
-1.2540315789473686 -11.83453433528089
-1.2925578947368421 -11.886215125525643
-1.3021894736842108 -11.924743638825758
-1.2636631578947368 -11.988274642696098
-1.232842105263158 -12.04183852199486
-1.2289894736842104 -12.0957082822808
-1.2309157894736844 -12.153045410987797
-1.2405473684210526 -12.21294883813804
-1.2598105263157895 -12.274008054761968
-1.2944842105263157 -12.298287123160748
-1.2906315789473686 -12.320254612612157
-1.2617368421052633 -12.351468417853043
-1.2559578947368422 -12.375747486251822
-1.2289894736842104 -12.425054865828837
-1.2347684210526315 -12.473206455932166
-1.2444000000000002 -12.52482541445655
-1.2636631578947368 -12.585009358533334
-1.3002631578947368 -12.653005945226768
-1.3002631578947368 -12.715223584551786
-1.3002631578947368 -12.777713034179847
-1.2617368421052633 -12.857539325913173
-1.238621052631579 -12.926963512383338
-1.2405473684210526 -12.994076119906135
-1.2463263157894737 -13.066740820152681
-1.2559578947368422 -13.135938151978173
-1.275221052631579 -13.207447062751037
-1.311821052631579 -13.279767084313708
-1.3041157894736843 -13.35093131640269
-1.269442105263158 -13.436099735837
-1.2444000000000002 -13.512021839481838
-1.2463263157894737 -13.585632364179304
-1.2463263157894737 -13.661554467824137
-1.2578842105263157 -13.737476571468974
-1.2732947368421055 -13.814554464587493
-1.2983368421052632 -13.889320778758643
-1.3156736842105263 -13.922069635192583
-1.306042105263158 -13.962909017942309
-1.2810000000000001 -14.01770074283254
-1.2521052631578948 -14.073014484481817
-1.2540315789473686 -14.178194289297263
-1.2617368421052633 -14.203235585702402
-1.269442105263158 -14.227121092633858
-1.2829263157894737 -14.246383441670575
-1.3041157894736843 -14.27026894860203
-1.3195263157894737 -14.311016637867985
-1.2848526315789475 -14.342045380559375
-1.2521052631578948 -14.367295175882347
-1.2559578947368422 -14.414152133451788
-1.2617368421052633 -14.464476459442277
-1.2713684210526315 -14.513644995959089
-1.2810000000000001 -14.552032403985628
-1.3098947368421054 -14.59157560148585
-1.3310842105263159 -14.624184062143971
-1.3041157894736843 -14.66257147017051
-1.2906315789473686 -14.696335720302315
-1.2617368421052633 -14.7312557599078
-1.2655894736842104 -14.770798957408024
-1.2790736842105264 -14.806874786487198
-1.2925578947368421 -14.841794826092686
-1.3176 -14.877870655171856
-1.3176 -14.91163490530366
-1.3330105263157896 -14.943087576488097
-1.2944842105263157 -14.98494235293569
-1.2732947368421055 -15.019862392541175
-1.2771473684210526 -15.054782432146663
-1.2848526315789475 -15.088546682278468
-1.2964105263157897 -15.124622511357638
-1.3156736842105263 -15.159542550963126
-2.4233052631578946 -15.649843643200194
