1.4351052631578949 1.0352273684210527
1.4351052631578949 1.0352273684210527
1.4370315789473684 1.0363837905808215
1.433178947368421 1.0363801032161197
1.433178947368421 1.0363764158514182
1.438957894736842 1.0363727284867164
1.4351052631578949 1.0340574621746463
1.4370315789473684 1.0340537748099445
1.440884210526316 1.034050087445243
1.440884210526316 1.0340464000805412
1.438957894736842 1.036354291663208
1.438957894736842 1.0363506042985062
1.4428105263157895 1.0340294477597558
1.440884210526316 1.0363365576548897
1.440884210526316 1.0340247448886244
1.440884210526316 1.0362890473217585
1.444736842105263 1.0362417708075242
1.444736842105263 1.0362120822815202
1.444736842105263 1.0362109040362293
1.444736842105263 1.0360225673010717
1.440884210526316 1.035834230565914
1.444736842105263 1.0357276129356026
1.440884210526316 1.0356934784143401
1.440884210526316 1.0355957351029308
1.440884210526316 1.035527824538737
1.440884210526316 1.0354667684515357
1.440884210526316 1.0377783087433587
1.440884210526316 1.0330233867280987
1.4428105263157895 1.0353217437863924
1.440884210526316 1.0353182614702845
1.446663157894737 1.0353147791541766
1.440884210526316 1.0352694300660088
1.446663157894737 1.0352240809778408
1.440884210526316 1.0352233519829483
1.440884210526316 1.0351983086992451
1.440884210526316 1.0374949082632756
1.444736842105263 1.0351361345589494
1.440884210526316 1.0351161013880332
1.440884210526316 1.0351103808294373
1.446663157894737 1.0373942415340145
1.4428105263157895 1.0372339558764718
1.440884210526316 1.0346941697284915
1.440884210526316 1.0368123924795465
1.440884210526316 1.0344929872196265
1.444736842105263 1.0344851609070749
1.444736842105263 1.036776180240128
1.444736842105263 1.0344643495072803
1.444736842105263 1.0356198871954851
1.440884210526316 1.0344638459363216
1.444736842105263 1.0367751730982107
1.440884210526316 1.0367749213127313
1.440884210526316 1.0344630905798835
1.440884210526316 1.0344628387944041
1.4428105263157895 1.036774165956293
1.4428105263157895 1.0344623352234454
1.4428105263157895 1.0367736623853343
1.4428105263157895 1.0344618316524865
1.4428105263157895 1.0367731588143756
1.446663157894737 1.0367266965213893
1.4428105263157895 1.0366802342284027
1.4428105263157895 1.0343221929880477
1.446663157894737 1.0343060617351276
1.4428105263157895 1.0366174460353368
1.4428105263157895 1.0366089959215201
1.446663157894737 1.034297249605065
1.4428105263157895 1.0342956504983267
1.4428105263157895 1.0342940513915881
1.4428105263157895 1.0342924522848498
1.4428105263157895 1.0366024321254796
1.446663157894737 1.0342892540713728
1.4428105263157895 1.0354434444383185
1.4428105263157895 1.0365976348052643
1.4428105263157895 1.0365960356985258
1.4428105263157895 1.0365944365917872
1.446663157894737 1.0342812585376804
1.4428105263157895 1.0365912383783105
1.4428105263157895 1.0365896392715719
1.4428105263157895 1.035432250691149
1.440884210526316 1.0354306515844107
1.444736842105263 1.0354290524776721
1.438957894736842 1.0354274533709338
1.4428105263157895 1.034270064790511
1.446663157894737 1.0319568867364042
1.4428105263157895 1.034266866577034
1.4428105263157895 1.0342652674702957
1.446663157894737 1.034263668363557
1.4428105263157895 1.0342620692568187
1.4428105263157895 1.0342604701500802
1.4428105263157895 1.0342588710433418
1.4428105263157895 1.0342572719366032
1.446663157894737 1.036567251777233
1.4428105263157895 1.0342540737231263
1.4428105263157895 1.034252474616388
1.4428105263157895 1.0342508755096493
1.4428105263157895 1.0342492764029108
1.4428105263157895 1.0342476772961724
1.4428105263157895 1.0342460781894338
1.4428105263157895 1.0342444790826955
1.4428105263157895 1.0342428799759569
1.4428105263157895 1.036552859816587
1.446663157894737 1.0365512607098484
1.4428105263157895 1.0342380826557416
1.4428105263157895 1.0365480624963714
1.4428105263157895 1.0342348844422646
1.446663157894737 1.0365448642828945
1.446663157894737 1.0342316862287877
1.446663157894737 1.0365416660694176
1.444736842105263 1.036540066962679
1.444736842105263 1.0365384678559406
1.444736842105263 1.0365368687492023
1.440884210526316 1.0342236906950952
1.4428105263157895 1.0330663021146727
1.4428105263157895 1.033064703007934
1.4428105263157895 1.035374682848564
1.4428105263157895 1.0353730837418256
1.440884210526316 1.035371484635087
1.440884210526316 1.0353698855283486
1.440884210526316 1.03536828642161
1.438957894736842 1.0353666873148717
1.438957894736842 1.035365088208133
1.438957894736842 1.0353634891013948
1.438957894736842 1.0353618899946562
1.444736842105263 1.0353602908879178
1.440884210526316 1.0376702707285477
1.4370315789473684 1.0353570926744409
1.438957894736842 1.0353554935677023
1.438957894736842 1.0353538944609637
1.4351052631578949 1.0353522953542253
1.438957894736842 1.0376622751948552
1.438957894736842 1.0341933076670642
1.4370315789473684 1.0341917085603258
1.4351052631578949 1.0341901094535872
1.4370315789473684 1.0341885103468487
1.4370315789473684 1.0341869112401103
1.4370315789473684 1.0341853121333717
1.440884210526316 1.0341837130266334
1.438957894736842 1.0341821139198948
1.438957894736842 1.0353363042868406
1.4370315789473684 1.035334705180102
1.4370315789473684 1.0353331060733637
1.4370315789473684 1.0353315069666251
1.4370315789473684 1.0353299078598868
1.4370315789473684 1.0353283087531482
1.4370315789473684 1.0353267096464096
1.433178947368421 1.0330135315923028
1.4370315789473684 1.0330119324855644
1.4370315789473684 1.0330103333788259
1.433178947368421 1.0330087342720873
1.433178947368421 1.033007135165349
1.4370315789473684 1.0330055360586106
1.4370315789473684 1.033003936951872
1.433178947368421 1.0330023378451334
1.4370315789473684 1.033000738738395
1.4370315789473684 1.0329991396316565
1.4370315789473684 1.0353091194722865
1.4370315789473684 1.0329959414181795
1.433178947368421 1.0329943423114412
1.433178947368421 1.0329927432047026
1.433178947368421 1.0329911440979642
1.4370315789473684 1.0329895449912256
1.433178947368421 1.0306763669371188
1.433178947368421 1.0329863467777487
1.433178947368421 1.0329847476710103
1.433178947368421 1.0306715696169033
1.433178947368421 1.0329815494575332
1.433178947368421 1.0329799503507948
1.433178947368421 1.0329783512440565
1.433178947368421 1.0329767521373179
1.4370315789473684 1.0329751530305793
1.433178947368421 1.032973553923841
1.433178947368421 1.0329719548171024
1.433178947368421 1.032970355710364
1.433178947368421 1.030657177656257
1.4370315789473684 1.0306555785495186
1.4370315789473684 1.0329655583901485
1.438957894736842 1.0329639592834101
1.433178947368421 1.0329623601766715
1.4370315789473684 1.0329607610699332
1.4370315789473684 1.0329591619631946
1.433178947368421 1.0329575628564562
1.4370315789473684 1.0329559637497177
1.4370315789473684 1.032954364642979
1.433178947368421 1.0329527655362407
1.433178947368421 1.031795376955818
1.4370315789473684 1.0329495673227638
1.4351052631578949 1.0329479682160252
1.4351052631578949 1.0329463691092868
1.4351052631578949 1.0329447700025483
1.4351052631578949 1.03294317089581
1.4351052631578949 1.0329415717890713
1.438957894736842 1.032939972682333
1.4351052631578949 1.0329383735755944
1.438957894736842 1.032936774468856
1.438957894736842 1.0329351753621174
1.4351052631578949 1.032933576255379
1.4351052631578949 1.035243556096009
1.438957894736842 1.0329303780419021
1.438957894736842 1.035240357882532
1.4351052631578949 1.0352387587757934
1.438957894736842 1.035237159669055
1.4351052631578949 1.0329239816149483
1.438957894736842 1.0352339614555781
1.4351052631578949 1.032920783401471
1.438957894736842 1.0352307632421012
1.438957894736842 1.0352291641353626
1.4351052631578949 1.0352275650286242
1.438957894736842 1.0352259659218856
1.4351052631578949 1.0329127878677788
1.438957894736842 1.0352227677084087
1.4351052631578949 1.032909589654302
1.4351052631578949 1.0352195694949318
1.438957894736842 1.032906391440825
1.4351052631578949 1.0352163712814548
1.4351052631578949 1.032903193227348
1.438957894736842 1.0329015941206094
1.4351052631578949 1.032899995013871
1.4351052631578949 1.035209974854501
1.4351052631578949 1.0328967968003941
1.4351052631578949 1.035206776641024
1.4351052631578949 1.0352051775342854
1.4351052631578949 1.035203578427547
1.4351052631578949 1.0352019793208085
1.438957894736842 1.0352003802140701
1.438957894736842 1.0351987811073315
1.440884210526316 1.0351971820005932
1.440884210526316 1.0351955828938546
1.440884210526316 1.0328824048397478
1.440884210526316 1.0328808057330092
1.444736842105263 1.0305676276789024
1.444736842105263 1.0305660285721638
1.4505157894736842 1.0294086399917413
1.4505157894736842 1.0317186198323711
1.4582210526315789 1.02824965230458
1.4582210526315789 1.0270922637241573
1.4582210526315789 1.0247790856700505
1.4678526315789473 1.024777486563312
1.464 1.022464308509205
1.4678526315789473 1.0224627094024665
1.4755578947368422 1.0201495313483597
1.4794105263157895 1.0201479322416211
1.4851894736842106 1.0201463331348828
1.4928947368421053 1.0178331550807758
1.489042105263158 1.015519977026669
1.494821052631579 1.0155183779199306
1.5025263157894737 1.0085820419710867
1.5044526315789475 0.9704393902327693
1.5044526315789475 0.9311409490207677
1.5044526315789475 0.9010888235982397
1.5044526315789475 0.8953082771230803
1.5083052631578948 0.8629445727531838
1.5025263157894737 0.8294250789096033
1.506378947368421 0.7970613745397068
1.5044526315789475 0.7646976701698105
1.5083052631578948 0.7369571236946509
1.506378947368421 0.7277092087984388
1.5025263157894737 0.6930339254811739
1.506378947368421 0.6606702211112776
1.506378947368421 0.6283065167413813
1.5006000000000002 0.5982543913188534
1.5044526315789475 0.5739812132647464
1.5006000000000002 0.5647332983685343
1.5044526315789475 0.5358369624196905
1.5121578947368421 0.5080964159445309
1.5160105263157895 0.48266744841673986
1.5275684210526317 0.458394270362633
1.5333473684210528 0.43990003967694713
1.5333473684210528 0.4329637037281034
1.5410526315789475 0.4075347362003123
1.5506842105263159 0.38326155814620544
1.5583894736842105 0.3624557485131512
1.560315789473684 0.3439615178274653
1.568021052631579 0.3243114976680952
1.568021052631579 0.31968674066661984
1.5718736842105263 0.30119250998093405
1.5776526315789474 0.28269827929524816
1.5853578947368423 0.26767141703061503
1.5872842105263159 0.25611192318703446
1.5949894736842105 0.24224085039608545
1.5969157894736843 0.24223925128934698
1.6007684210526316 0.2306797574457663
1.604621052631579 0.21912026360218584
1.6123263157894738 0.20756076975860527
1.6161789473684212 0.20062443380976158
1.6238842105263158 0.19368809786091767
1.6277368421052634 0.19368649875417931
1.6335157894736843 0.18675016280533552
1.6392947368421054 0.18212540580386027
1.6373684210526316 0.1763448593287007
1.647 0.17287589180090956
1.6585578947368422 0.16478376637838155
1.6585578947368422 0.16247058832427486
1.6489263157894738 0.1636247786912205
1.6585578947368422 0.16709054800553447
1.6566315789473685 0.16246579100405922
1.6624105263157893 0.16593156031837353
1.666263157894737 0.16015101384321384
1.6681894736842104 0.16014941473647537
1.6739684210526315 0.160147815629737
1.6836 0.15783463757563
1.6932315789473686 0.15898882794257574
1.7028631578947369 0.16129880778320582
1.708642105263158 0.16245299815015146
1.7105684210526315 0.16013982009604455
1.7124947368421053 0.16013822098930608
1.7163473684210526 0.11013471786869089
1.7202 0.059859211371010024
1.7202 0.006910532647702139
1.725978947368421 -0.044682625883406546
1.7221263157894737 -0.09858736336188367
1.7279052631578948 -0.15202597041665988
1.7356105263157897 -0.20913599698525964
1.7413894736842106 -0.26162286565912274
1.7490947368421053 -0.3141097343329856
1.7606526315789475 -0.3654408135331645
1.7568000000000001 -0.4248624190491327
1.7568000000000001 -0.47892164990670716
1.7683578947368421 -0.5399600491861564
1.7760631578947368 -0.5975310800445534
1.7856947368421054 -0.6562579003766341
1.7934 -0.7195993491355811
1.7953263157894739 -0.788719745262949
1.7953263157894739 -0.8512392455851084
1.8030315789473685 -0.9185528351934246
1.8107368421052632 -0.9844053864369554
1.8145894736842108 -1.0505281817417824
1.8184421052631579 -1.119180442524693
1.8165157894736843 -1.1947674401497088
1.8222947368421054 -1.2608697403322355
1.8261473684210527 -1.3311150368697588
1.8222947368421054 -1.4050143635144439
1.837705263157895 -1.4742905322643916
1.849263157894737 -1.5435667010143392
1.8511894736842107 -1.6174660276590238
1.843484210526316 -1.6867421964089715
1.8338526315789474 -1.7513952072641823
1.835778947368421 -1.8241387444351824
1.8454105263157896 -1.898038071079867
1.837705263157895 -1.9730931871982356
1.843484210526316 -2.049304092790289
1.8396315789473685 -2.1156031479065067
1.8454105263157896 -2.1782612167964297
1.841557894736842 -2.2436354626088946
1.8454105263157896 -2.3151615362884588
1.843484210526316 -2.3855318204943385
1.843484210526316 -2.4663042099633756
1.8473368421052632 -2.539194152684398
1.8511894736842107 -2.6075987659063014
1.8550421052631578 -2.6784844358165607
1.8550421052631578 -2.7475624636073324
1.8569684210526316 -2.818255457971404
1.8588947368421054 -2.905129504967055
1.8588947368421054 -2.9744042303981555
1.8569684210526316 -3.0467690692654776
1.8646736842105265 -3.123292171357962
1.8646736842105265 -3.2093007245625462
1.874305263157895 -3.2916256680445453
1.8704526315789474 -3.3774179799475967
1.8685263157894738 -3.4479998970394097
1.8627473684210527 -3.529368370056161
1.8666 -3.610527261773337
1.8666 -3.692841942964199
1.8666 -3.7716892557340063
1.8685263157894738 -3.8690292000827626
1.8646736842105265 -3.953655460220992
1.8550421052631578 -4.039437509832905
1.8531157894736843 -4.124063769971134
1.8569684210526316 -4.207534240635679
1.8531157894736843 -4.2921605007739085
1.8511894736842107 -4.38834465564898
1.8550421052631578 -4.467191968418788
1.8473368421052632 -4.552974018030701
1.8531157894736843 -4.637600278168931
1.843484210526316 -4.722226538307161
1.8396315789473685 -4.8103201668664415
1.837705263157895 -4.91112747963625
1.8454105263157896 -4.994597950300796
1.849263157894737 -5.0722894735969195
1.8531157894736843 -5.158071523208833
1.8569684210526316 -5.2450093622944305
1.8473368421052632 -5.330791411906344
1.8473368421052632 -5.429287145728785
1.843484210526316 -5.523159721656487
1.8511894736842107 -5.618188087057874
1.8454105263157896 -5.712060662985577
1.835778947368421 -5.802465870492227
1.8319263157894738 -5.894026867472562
1.8319263157894738 -5.9925226012950015
1.8261473684210527 -6.0794604403806
1.83 -6.165242489992513
1.8261473684210527 -6.257959276446531
1.8280736842105263 -6.351831852374234
1.824221052631579 -6.450327586196674
1.8280736842105263 -6.548823320019116
1.8261473684210527 -6.647319053841555
1.8222947368421054 -6.741191629769258
1.8280736842105263 -6.839687363591698
1.8222947368421054 -6.93587151846677
1.8261473684210527 -7.034367252289209
1.8222947368421054 -7.132862986111649
1.8222947368421054 -7.2290471409867205
1.8261473684210527 -7.327542874809158
1.8184421052631579 -7.4248828191579115
1.8261473684210527 -7.519911184559296
1.824221052631579 -7.6160953394343665
1.8261473684210527 -7.712279494309435
1.8261473684210527 -7.811931017605557
1.824221052631579 -7.908115172480628
1.824221052631579 -8.008922485250434
1.824221052631579 -8.108574008546555
1.8280736842105263 -8.20938132131636
1.8319263157894738 -8.307877055138798
1.8280736842105263 -8.40752857843492
1.8319263157894738 -8.506024312257358
1.8280736842105263 -8.601052677658744
1.8280736842105263 -8.699548411481182
1.83 -8.801511513724671
1.8280736842105263 -8.900007247547109
1.8280736842105263 -8.999658770843231
1.8280736842105263 -9.106245030981459
1.8319263157894738 -9.208208133224948
1.8280736842105263 -9.309015445994755
1.8319263157894738 -9.409822758764562
1.8319263157894738 -9.510630071534367
1.8319263157894738 -9.613748963251542
1.8338526315789474 -9.716867854968717
1.8338526315789474 -9.818830957212207
1.835778947368421 -9.921949848929383
1.835778947368421 -10.021601372225504
1.841557894736842 -10.122408684995309
1.8396315789473685 -10.223215997765116
1.843484210526316 -10.330958047377027
1.849263157894737 -10.436388518041571
1.8550421052631578 -10.542974778179797
1.8550421052631578 -10.643782090949601
1.8550421052631578 -10.74458940371941
1.8588947368421054 -10.84424092701553
1.8569684210526316 -10.866323099156297
1.860821052631579 -10.883266974755584
1.860821052631579 -10.907118650927398
1.8627473684210527 -10.929883447469773
1.8627473684210527 -10.948025086117411
1.8646736842105265 -10.972081184052424
1.8685263157894738 -10.996137281987435
1.8704526315789474 -11.021349169396132
1.8704526315789474 -11.041937898910092
1.8685263157894738 -11.062526628424052
1.8685263157894738 -11.086582726359065
1.8704526315789474 -11.10601566639934
1.8723789473684211 -11.125448606439614
1.8723789473684211 -11.142569967532522
1.8685263157894738 -11.162002907572798
1.8762315789473685 -11.186059005507811
1.878157894736842 -11.210115103442824
1.880084210526316 -11.2295480434831
1.8897157894736842 -11.245513615102322
1.8897157894736842 -11.263790765668912
1.885863157894737 -11.276288968867085
1.885863157894737 -11.289942961538939
1.885863157894737 -11.311687480526581
1.8820105263157896 -11.325341473198439
1.8820105263157896 -11.341307044817661
1.8897157894736842 -11.35380524801583
1.8877894736842107 -11.367459240687685
1.8820105263157896 -11.377645864938486
1.8839368421052631 -11.398234594452445
1.8954947368421053 -11.411888587124302
1.9012736842105264 -11.42669836926984
1.9012736842105264 -11.548373693802578
1.9051263157894738 -11.668893228861634
1.9070526315789473 -11.800073292712113
-0.7820842105263158 -12.575028093404695
