1.2270631578947369 0.9
1.2232105263157895 0.8999171340220057
1.2232105263157895 0.8999168380762477
1.2232105263157895 0.8998332585028608
1.2232105263157895 0.9019635667848453
1.2270631578947369 0.8996085490638075
1.2232105263157895 0.9018086720421495
1.2232105263157895 0.9017002587333216
1.2270631578947369 0.9015918454244937
1.2232105263157895 0.9015583302400129
1.2232105263157895 0.9015248150555322
1.2232105263157895 0.901517188830261
1.2270631578947369 0.8991979836576214
1.2270631578947369 0.9015073407164798
1.2270631578947369 0.8990187368452514
1.2270631578947369 0.8990186667905096
1.2270631578947369 0.9013190305020421
1.2232105263157895 0.9012463801901701
1.2270631578947369 0.9012248695651053
1.2270631578947369 0.898891779992672
1.2270631578947369 0.9011818483149756
1.2232105263157895 0.9011781620427394
1.2270631578947369 0.8988628968231347
1.2270631578947369 0.9011735186237032
1.2270631578947369 0.9011734919460075
1.2270631578947369 0.9011734652683118
1.2270631578947369 0.901173438590616
1.2270631578947369 0.898861832965552
1.2270631578947369 0.9011733852352247
1.2270631578947369 0.901173358557529
1.2270631578947369 0.9011733318798333
1.2270631578947369 0.8988617262547691
1.2270631578947369 0.8988585593357795
1.2270631578947369 0.8988553924167899
1.2270631578947369 0.8988522254978003
1.2270631578947369 0.8988490585788107
1.2270631578947369 0.8988484423115133
1.2232105263157895 0.8988478260442158
1.2251368421052633 0.8965356308295499
1.2251368421052633 0.8988465929833006
1.2251368421052633 0.8988261615209202
1.2251368421052633 0.8988064648282768
1.2251368421052633 0.8988034587071966
1.2251368421052633 0.8987505996489359
1.2251368421052633 0.9010605416391112
1.2251368421052633 0.8987488515134315
1.2251368421052633 0.8987487403351203
1.2251368421052633 0.8987486291568091
1.2251368421052633 0.8987485179784978
1.2251368421052633 0.8987484068001865
1.2251368421052633 0.8987232486925573
1.2251368421052633 0.898698090584928
1.2251368421052633 0.8986729324772987
1.2251368421052633 0.896336195422301
1.2212842105263157 0.8963110373146718
1.2212842105263157 0.8962858792070425
1.2212842105263157 0.8962607210994132
1.2251368421052633 0.8985471419391524
1.2251368421052633 0.898525606228079
1.2251368421052633 0.8960969616110017
1.2251368421052633 0.8959086393685012
1.2251368421052633 0.8981272886847383
1.2251368421052633 0.8980343590536072
1.2251368421052633 0.8980208675896116
1.2251368421052633 0.8978240459022062
1.2251368421052633 0.8954820791260432
1.2251368421052633 0.8977632702446169
1.2251368421052633 0.8977328824158222
1.2251368421052633 0.8977305462495022
1.2251368421052633 0.897706205484577
1.2251368421052633 0.897681864719652
1.2251368421052633 0.8965017344810426
1.2212842105263157 0.8964773937161175
1.2212842105263157 0.8952972634775082
1.2212842105263157 0.8975845016599514
1.2251368421052633 0.8975623613769694
1.2212842105263157 0.8952286421466189
1.2212842105263157 0.8952093365795714
1.2251368421052633 0.8973329619071673
1.2251368421052633 0.897149044133332
1.2251368421052633 0.8969651263594967
1.2212842105263157 0.8968808604668546
1.2212842105263157 0.8990551891944328
1.2212842105263157 0.8964243415582517
1.2212842105263157 0.8962126081768038
1.2212842105263157 0.8961734927147522
1.2251368421052633 0.8961382486154212
1.2251368421052633 0.8984037735588122
1.2251368421052633 0.8983978625343891
1.2251368421052633 0.8983977067529629
1.2251368421052633 0.898397668297459
1.2251368421052633 0.8983868214208155
1.2251368421052633 0.8983779373211938
1.2251368421052633 0.8982577077503543
1.2251368421052633 0.8982281232811171
1.2251368421052633 0.8981985388118799
1.2212842105263157 0.8981689543426428
1.2251368421052633 0.8980509592271866
1.2251368421052633 0.8957388118567946
1.2251368421052633 0.898050087010144
1.2251368421052633 0.8980283849329961
1.2251368421052633 0.8956707648826154
1.2251368421052633 0.8956247237796032
1.2232105263157895 0.8979279440902959
1.2232105263157895 0.8979195854536199
1.2270631578947369 0.8955996478695757
1.2270631578947369 0.8955861949217099
1.2270631578947369 0.8955727419738441
1.2270631578947369 0.8955531374687847
1.2232105263157895 0.8955335329637253
1.2232105263157895 0.895513928458666
1.2270631578947369 0.8954943239536065
1.2270631578947369 0.8954747194485472
1.2270631578947369 0.8953952688308543
1.2270631578947369 0.8953158182131615
1.2270631578947369 0.8953142260020638
1.2270631578947369 0.8953126337909659
1.2270631578947369 0.8952937492743742
1.2232105263157895 0.8952748647577825
1.2270631578947369 0.896411769714875
1.2270631578947369 0.8963928851982834
1.2232105263157895 0.8961495571799818
1.2270631578947369 0.8961482231346464
1.2270631578947369 0.8949910996156268
1.2289894736842104 0.8938339760966072
1.2270631578947369 0.8961442209986401
1.2232105263157895 0.8961428869533048
1.2232105263157895 0.8949857634342852
1.2270631578947369 0.8938286399152655
1.2270631578947369 0.8961388848172985
1.2270631578947369 0.8938259718245947
1.2270631578947369 0.8938246377792592
1.2270631578947369 0.8938233037339238
1.2270631578947369 0.8937503878663737
1.2270631578947369 0.8937501166206119
1.2270631578947369 0.8937344118584283
1.2232105263157895 0.8937187070962448
1.2270631578947369 0.8913009087744356
1.2270631578947369 0.890924394562307
1.2270631578947369 0.8928342402218806
1.2270631578947369 0.8928291396223201
1.2270631578947369 0.8925951488908991
1.2270631578947369 0.8924586245262578
1.2232105263157895 0.8924520281182055
1.2270631578947369 0.8924495504697533
1.2251368421052633 0.892447072821301
1.2251368421052633 0.8924463673991303
1.2251368421052633 0.894757240924328
1.2289894736842104 0.8924398092352793
1.2251368421052633 0.8924339564935992
1.2270631578947369 0.892428103751919
1.2289894736842104 0.8901106720628704
1.2289894736842104 0.8924163982685587
1.2289894736842104 0.8924105455268785
1.2289894736842104 0.8922556570724754
1.2251368421052633 0.8921007686180725
1.2270631578947369 0.8920733798503233
1.2270631578947369 0.8897344121352058
1.2270631578947369 0.8897070233674567
1.2270631578947369 0.8906647467567539
1.2289894736842104 0.8900840060895421
1.2251368421052633 0.8921181224360549
1.2251368421052633 0.8916636165877437
1.2289894736842104 0.8915822549915635
1.2289894736842104 0.8937541324962747
1.2289894736842104 0.8912684569079807
1.2289894736842104 0.8934059392144236
1.2251368421052633 0.8910888200332604
1.2251368421052633 0.893394858746834
1.2289894736842104 0.8909643830410273
1.2289894736842104 0.8931570652299575
1.2289894736842104 0.8907265895241508
1.2289894736842104 0.8906076927657125
1.2289894736842104 0.8928003749546427
1.2289894736842104 0.890369899248836
1.2289894736842104 0.8902510024903978
1.2289894736842104 0.8901321057319596
1.2251368421052633 0.8901020269401638
1.2251368421052633 0.8900719481483682
1.2251368421052633 0.8923791791728198
1.2289894736842104 0.889899860349995
1.2251368421052633 0.8897409895915276
1.2251368421052633 0.8920524695790714
1.2289894736842104 0.8896006999607194
1.2251368421052633 0.8895570584867856
1.2251368421052633 0.8895134170128517
1.2251368421052633 0.8917813544862863
1.2289894736842104 0.8894693655761078
1.2251368421052633 0.8917805345606662
1.2251368421052633 0.8917801245978562
1.2251368421052633 0.8917797146350461
1.2289894736842104 0.8894677257248677
1.2289894736842104 0.8894673157620576
1.2251368421052633 0.8894669057992476
1.2289894736842104 0.8894664958364376
1.2251368421052633 0.8894305659078946
1.2289894736842104 0.8870830570319832
1.2289894736842104 0.8893587060508087
1.2251368421052633 0.8893227761222657
1.2289894736842104 0.889321986122493
1.2251368421052633 0.8916333910031513
1.2289894736842104 0.8893216379890728
1.2289894736842104 0.8893214639223628
1.2289894736842104 0.8892256089003018
1.2251368421052633 0.8892067797099688
1.2289894736842104 0.8891879505196357
1.2289894736842104 0.8891872868256032
1.2251368421052633 0.8891866231315707
1.2289894736842104 0.8891859594375382
1.2251368421052633 0.8868737167961372
1.2251368421052633 0.8868730531021047
1.2289894736842104 0.8880281788817564
1.2289894736842104 0.8868713157972132
1.2289894736842104 0.8891818211337226
1.2251368421052633 0.8879017329589927
1.2251368421052633 0.8866216447842628
1.2289894736842104 0.886497346083217
1.2251368421052633 0.8886846263295397
1.2251368421052633 0.8862487486811256
1.2289894736842104 0.8861244499800798
1.2251368421052633 0.8860001512790341
1.2289894736842104 0.8870316420516726
1.2251368421052633 0.8858695132232947
1.2251368421052633 0.887018963342285
1.2289894736842104 0.8858630975180766
1.2251368421052633 0.8881356559547678
1.2289894736842104 0.8857850564967223
1.2270631578947369 0.8857460359860453
1.2270631578947369 0.8857070154753681
1.2270631578947369 0.8856812346870324
1.2309157894736844 0.8833438749513283
1.2270631578947369 0.8856296731103609
1.2309157894736844 0.8856038923220251
1.2270631578947369 0.8855781115336894
1.2309157894736844 0.8832407517979852
1.2289894736842104 0.8855345934310925
1.2289894736842104 0.8855339274840999
1.2251368421052633 0.8853949709261507
1.2251368421052633 0.884914836314786
1.2289894736842104 0.8847509562478976
1.2289894736842104 0.8845870761810093
1.2251368421052633 0.8867861231171369
1.2289894736842104 0.8889851700532646
1.2289894736842104 0.8864039083685243
1.2289894736842104 0.8863357474709723
1.2289894736842104 0.8839951620130367
1.2289894736842104 0.8862955898891114
1.2289894736842104 0.8862844388178177
1.2251368421052633 0.8862732877465239
1.2289894736842104 0.8839505577278617
1.2251368421052633 0.883939406656568
1.2251368421052633 0.8862398345326427
1.2289894736842104 0.8862329742565338
1.2289894736842104 0.8858144402554576
1.2251368421052633 0.8857973876259002
1.2251368421052633 0.8853544051424076
1.2289894736842104 0.8849948996009491
1.2251368421052633 0.8864257279281446
1.2289894736842104 0.8837819933712285
1.2251368421052633 0.8831853521983993
1.2289894736842104 0.8825887110255702
1.2289894736842104 0.8841865006571875
1.2289894736842104 0.8838655462545147
1.2251368421052633 0.8834890888111877
1.2289894736842104 0.8831089358366782
1.2289894736842104 0.8828924565484648
1.2289894736842104 0.8805805373722734
1.2289894736842104 0.8805801971434504
1.2251368421052633 0.8803798901234265
1.2251368421052633 0.8801795831034027
1.2289894736842104 0.8799792760833789
1.2289894736842104 0.8797789690633552
1.2289894736842104 0.8795786620433313
1.2251368421052633 0.8793783550233075
1.2251368421052633 0.8792265923022572
1.2289894736842104 0.8767632506338383
1.2251368421052633 0.8790571797724387
1.2289894736842104 0.8790395299636706
1.2289894736842104 0.8801944247300483
1.2251368421052633 0.8788589283682255
1.2289894736842104 0.879942248207974
1.2270631578947369 0.8797631632373882
1.2270631578947369 0.8820357333797539
1.2309157894736844 0.8794961464578511
1.2309157894736844 0.879495417291037
1.2270631578947369 0.8791145535094042
1.2270631578947369 0.8789869826095197
1.2289894736842104 0.8788594117096353
1.2289894736842104 0.8787318408097509
1.2289894736842104 0.876292690962498
1.2289894736842104 0.8786038413958975
1.2251368421052633 0.8786034128819287
1.2309157894736844 0.8762914054205914
1.2309157894736844 0.8762909769066225
1.2309157894736844 0.8762905483926536
1.2289894736842104 0.8762901198786848
1.2309157894736844 0.8762896913647159
1.2309157894736844 0.8761922672620126
1.2289894736842104 0.8761193035210714
1.2309157894736844 0.8759735223564705
1.2309157894736844 0.875890810298747
1.2289894736842104 0.8755454186830804
1.2309157894736844 0.8755454064254672
1.2347684210526315 0.8755453941678539
1.232842105263158 0.8755365843131167
1.232842105263158 0.8778379059019694
1.232842105263158 0.8755160695960853
1.232842105263158 0.8755058122375697
1.2289894736842104 0.8754955548790541
1.2309157894736844 0.8754852975205384
1.2309157894736844 0.8752668059413247
1.2270631578947369 0.8752482705898136
1.2270631578947369 0.8728142750616178
1.2270631578947369 0.8750034374281588
1.2270631578947369 0.8726913778198467
1.2270631578947369 0.874989199318318
1.2289894736842104 0.874980487677044
1.2289894736842104 0.8746728448562054
1.2289894736842104 0.8743417829335359
1.2309157894736844 0.8741918759296676
1.2309157894736844 0.8740419689257994
1.2289894736842104 0.8739935781034295
1.2270631578947369 0.876256766228428
1.2309157894736844 0.8738967964586896
1.2270631578947369 0.876159984583688
1.2270631578947369 0.8761115937613182
1.2309157894736844 0.8737516239915798
1.2270631578947369 0.8737032331692098
1.2270631578947369 0.87365484234684
1.2270631578947369 0.87360645152447
1.2270631578947369 0.8735580607021001
1.2270631578947369 0.872353880406046
1.2270631578947369 0.8735094074713912
1.2270631578947369 0.8735091450630522
1.2289894736842104 0.8733794436695939
1.2251368421052633 0.8732497422761356
1.2251368421052633 0.8731200408826773
1.2289894736842104 0.8740343654537042
1.2251368421052633 0.8737929005510469
1.2251368421052633 0.8735545106715743
1.2289894736842104 0.875584392287364
1.2251368421052633 0.8729945056421764
1.2251368421052633 0.8750277768917257
1.2289894736842104 0.8770610481412751
1.2251368421052633 0.8747478502648002
1.2289894736842104 0.8747462313356937
1.2289894736842104 0.8747446124065873
1.2251368421052633 0.8747429934774809
1.2212842105263157 0.8747413745483743
1.2251368421052633 0.8724281766718995
1.2251368421052633 0.872426557742793
1.2251368421052633 0.8701133598663182
1.2251368421052633 0.8724233198845801
1.2251368421052633 0.8712659114817894
1.2251368421052633 0.8701085030789988
1.2251368421052633 0.8724184630972608
1.2251368421052633 0.87010677992123
1.2251368421052633 0.8701066756925677
1.2251368421052633 0.872166484480754
1.2289894736842104 0.8718666800551201
1.2289894736842104 0.8715121955195592
1.2289894736842104 0.8712328022910144
1.2289894736842104 0.8711896536159898
1.2289894736842104 0.8733770401163493
1.2251368421052633 0.8732528476693405
1.2289894736842104 0.8708170762749632
1.2289894736842104 0.8706928838279544
1.2289894736842104 0.8705686913809455
1.2251368421052633 0.8704444989339367
1.2289894736842104 0.8703203064869278
1.2289894736842104 0.870196114039919
1.2251368421052633 0.8700719215929101
1.2270631578947369 0.8699477291459013
1.2289894736842104 0.8663561682778398
1.2251368421052633 0.8673877653045152
1.2289894736842104 0.8661077833838221
1.2251368421052633 0.8671393804104975
1.2251368421052633 0.8670151879634886
1.2251368421052633 0.8668909955164799
1.2289894736842104 0.8679225925431552
1.2251368421052633 0.866766027160092
1.2289894736842104 0.8666715413362527
1.2251368421052633 0.8665770555124133
1.2251368421052633 0.8687941486359424
1.2251368421052633 0.8686996628121031
1.2251368421052633 0.8662935980408953
1.2251368421052633 0.866199112217056
1.2251368421052633 0.8661046263932166
1.2251368421052633 0.8683217195167457
1.2251368421052633 0.8670714442192222
1.2251368421052633 0.8658211689216987
1.2251368421052633 0.8668824725715435
1.2251368421052633 0.8667879867477042
1.2251368421052633 0.8643819219764964
1.2251368421052633 0.8665990151000256
1.2251368421052633 0.8641929503288178
1.2289894736842104 0.8640984645049784
1.2289894736842104 0.8663155576285075
1.2251368421052633 0.8662210718046682
1.2251368421052633 0.8661265859808289
1.2251368421052633 0.868343679104358
1.2251368421052633 0.8682491932805186
1.2270631578947369 0.8658431285093109
1.2232105263157895 0.8680602216328399
1.2270631578947369 0.8656541568616322
1.2270631578947369 0.8678712499851613
1.2309157894736844 0.8654651852139535
1.2270631578947369 0.8653706993901142
1.2309157894736844 0.8652762135662748
1.2309157894736844 0.8628701487950672
1.2270631578947369 0.8650872419185962
1.2309157894736844 0.8649927560947569
1.2289894736842104 0.8625866913235491
1.232842105263158 0.8648037844470782
1.2309157894736844 0.8647092986232389
1.2309157894736844 0.8657706022730838
1.2309157894736844 0.8656761164492445
1.2270631578947369 0.865581630625405
1.2270631578947369 0.8631755658541973
1.2309157894736844 0.8653926589777264
1.2309157894736844 0.8676097521012556
1.2289894736842104 0.8675152662774162
1.2289894736842104 0.8674207804535768
1.2289894736842104 0.8673262946297375
1.2289894736842104 0.8672318088058982
1.2289894736842104 0.8671373229820588
1.2289894736842104 0.8670428371582195
1.2289894736842104 0.8669483513343802
1.2289894736842104 0.8668538655105409
1.2270631578947369 0.8644478007393331
1.2270631578947369 0.8643533149154937
1.2270631578947369 0.8642588290916544
1.2270631578947369 0.8641643432678151
1.2270631578947369 0.8640698574439758
1.2270631578947369 0.8651311610938206
1.2270631578947369 0.8650366752699813
1.2270631578947369 0.864942189446142
1.2270631578947369 0.8660034930959869
1.2309157894736844 0.8647532177984634
1.2309157894736844 0.8658145214483082
1.2309157894736844 0.8657200356244689
1.2270631578947369 0.8656255498006296
1.2270631578947369 0.8655310639767902
1.2270631578947369 0.8654365781529508
1.2270631578947369 0.8653420923291115
1.2270631578947369 0.8652476065052722
1.2270631578947369 0.8651531206814329
1.2270631578947369 0.8650586348575935
1.2270631578947369 0.8649641490337542
1.2289894736842104 0.8625580842625464
1.2251368421052633 0.8624635984387071
1.2270631578947369 0.8623691126148678
1.2270631578947369 0.8622746267910284
1.2232105263157895 0.8621801409671891
1.2270631578947369 0.8620856551433498
1.2270631578947369 0.8619911693195105
1.2270631578947369 0.8618966834956712
1.2270631578947369 0.8618021976718317
1.2270631578947369 0.8617077118479924
1.2270631578947369 0.8616132260241531
1.2270631578947369 0.8615187402003138
1.2270631578947369 0.8637358333238428
1.2270631578947369 0.8613297685526351
1.2270631578947369 0.86239107220248
1.2270631578947369 0.8634523758523249
1.2309157894736844 0.8633578900284855
1.2270631578947369 0.8609518252572778
1.2270631578947369 0.8620131289071227
1.2270631578947369 0.8596070641359149
1.2309157894736844 0.8606683677857598
1.2309157894736844 0.8605738819619204
1.2309157894736844 0.8604793961380811
1.2309157894736844 0.8603849103142418
1.2270631578947369 0.8602904244904025
1.2270631578947369 0.8601959386665632
1.2270631578947369 0.8601014528427238
1.2270631578947369 0.8600069670188845
1.2270631578947369 0.8587566917213609
1.2309157894736844 0.8598179953712058
1.2270631578947369 0.8597235095473664
1.2289894736842104 0.8596290237235271
1.2289894736842104 0.8595345378996878
1.2289894736842104 0.8594400520758485
1.2289894736842104 0.8593455662520091
1.2289894736842104 0.8592510804281698
1.2289894736842104 0.8591565946043305
1.2289894736842104 0.8590621087804912
1.2289894736842104 0.8612792019040202
1.232842105263158 0.8588731371328124
1.2289894736842104 0.8599344407826573
1.2309157894736844 0.859839954958818
1.2270631578947369 0.8597454691349787
1.2309157894736844 0.8619625622585078
1.2309157894736844 0.8618680764346685
1.2309157894736844 0.8594620116634607
1.232842105263158 0.8593675258396214
1.232842105263158 0.859273040015782
1.2289894736842104 0.8591785541919427
1.2289894736842104 0.8590840683681034
1.232842105263158 0.858989582544264
1.232842105263158 0.8588950967204247
1.232842105263158 0.8588006108965853
1.232842105263158 0.858706125072746
1.2309157894736844 0.8586116392489067
1.2309157894736844 0.8585171534250674
1.232842105263158 0.858422667601228
1.2309157894736844 0.8583281817773887
1.2309157894736844 0.8582336959535494
1.2309157894736844 0.8581392101297101
1.2309157894736844 0.8580447243058706
1.2309157894736844 0.8579502384820313
1.2309157894736844 0.857855752658192
1.2309157894736844 0.8554496878869843
1.2309157894736844 0.855355202063145
1.2347684210526315 0.8552607162393057
1.238621052631579 0.8563220198891505
1.2405473684210526 0.8562275340653112
1.2424736842105264 0.8538214692941034
1.2424736842105264 0.8560385624176325
1.2482526315789475 0.8559440765937931
1.2482526315789475 0.8523822223489012
1.2578842105263157 0.8522877365250618
1.2598105263157895 0.8521932507012225
1.269442105263158 0.850942975403699
1.2675157894736844 0.8508484895798597
1.2732947368421055 0.8507540037560203
1.286778947368421 0.8483479389848125
1.2906315789473686 0.847097663687289
1.2944842105263157 0.8493147568108181
1.3021894736842108 0.8480644815132946
1.3021894736842108 0.8479699956894552
1.3021894736842108 0.8444081414445632
1.311821052631579 0.8385347082523029
1.3137473684210526 0.8372844329547794
1.323378947368421 0.8348783681835716
1.3272315789473685 0.8324723034123638
1.329157894736842 0.8323778175885245
1.3368631578947368 0.8299717528173167
1.3445684210526316 0.8298772669934774
1.3464947368421054 0.8297827811696381
1.3542 0.8331556637668514
1.3619052631578947 0.8388401253114331
1.3580526315789474 0.8364340605402254
1.365757894736842 0.830560627347965
1.365757894736842 0.8038829836293888
1.365757894736842 0.7806727083318652
1.3619052631578947 0.7586182225080259
1.365757894736842 0.7354079472105024
1.365757894736842 0.7306903034919262
1.3619052631578947 0.7074800281944027
1.365757894736842 0.6831139634231949
1.3696105263157896 0.6610594775993556
1.3753894736842107 0.6401607812492005
1.3830947368421054 0.6238852427937822
1.3869473684210527 0.613388651706785
1.3888736842105265 0.5948015343039983
1.385021052631579 0.5762144169012116
1.385021052631579 0.5622504573931617
1.3869473684210527 0.543663339990375
1.3927263157894738 0.5273878015349567
1.3908 0.5215143683426963
1.3888736842105265 0.5017714614662254
1.3869473684210527 0.48549592301080713
1.3908 0.4385684649168844
1.4004315789473685 0.3977479876910033
1.4004315789473685 0.3489398330273835
1.3965789473684211 0.3140011520479743
1.404284210526316 0.2610071657912094
1.4081368421052631 0.21379212690286553
1.4119894736842107 0.16545437347764913
1.4139157894736842 0.12058398847348528
1.4177684210526318 0.07802518241668976
1.4139157894736842 0.03893374478094691
1.4158421052631578 -0.004780850749532717
1.4158421052631578 -0.05080702522738101
1.4158421052631578 -0.09452162075786064
1.4158421052631578 -0.1405477952357087
1.4158421052631578 -0.18310660129250433
1.4196947368421053 -0.21988645998087863
1.421621052631579 -0.26360105551135826
1.4139157894736842 -0.3119388089365748
1.4177684210526318 -0.3533418255196862
1.4196947368421053 -0.39705642105016603
1.4177684210526318 -0.4396152271069612
1.4139157894736842 -0.47639508579533596
1.4158421052631578 -0.5154865234310785
1.4196947368421053 -0.5615126979089266
1.4158421052631578 -0.604071503965722
1.4081368421052631 -0.6454745205488334
1.4100631578947367 -0.6845659581845761
1.4139157894736842 -0.7213458168729509
1.4004315789473685 -0.7581256755613254
1.4196947368421053 -0.7972171131970681
1.4274 -0.8363085508328111
1.4254736842105264 -0.8742441989948696
1.421621052631579 -0.9156472155779808
1.4254736842105264 -0.9524270742663553
1.4293263157894738 -0.9903627224284136
1.421621052631579 -1.0317657390115254
1.4312526315789473 -1.0697013871735837
1.4235473684210527 -1.1087928248093264
1.4293263157894738 -1.150195841392438
1.4235473684210527 -1.1858199106071279
1.4274 -1.2416773565035384
1.4274 -1.2961329131220851
1.4274 -1.3501427614888581
1.4312526315789473 -1.4078364158951135
1.4351052631578949 -1.4662131872566082
1.4312526315789473 -1.519966800723366
1.4370315789473684 -1.5794993615585446
1.421621052631579 -1.633252975025302
1.4312526315789473 -1.6893181674394286
1.4235473684210527 -1.7453833598535544
1.4274 -1.8002927627939966
1.4254736842105264 -1.8552021657344384
1.4351052631578949 -1.913578937095933
1.4505157894736842 -1.9638651821416389
1.4505157894736842 -2.032068553644009
1.4601473684210526 -2.0991161356726957
1.4717052631578948 -2.1684752966487495
1.469778947368421 -2.2343670892037526
1.4717052631578948 -2.3002588817587544
1.4659263157894737 -2.3638390953663886
1.469778947368421 -2.4308866773950744
1.469778947368421 -2.4898437331079712
1.4678526315789473 -2.5615144730313943
1.4601473684210526 -2.6262504761127126
1.4736315789473684 -2.6898306897203454
1.4659263157894737 -2.756878271749032
1.4678526315789473 -2.8181469064092974
1.4562947368421053 -2.8724808042274574
1.4582210526315789 -2.9325936494140383
1.4562947368421053 -2.9973296524953565
1.4562947368421053 -3.058598287155622
1.4620736842105264 -3.1152437639211503
1.464 -3.1718892406866783
1.4620736842105264 -3.2296905069258908
1.4620736842105264 -3.2840244047440517
1.4601473684210526 -3.3429814604569477
1.4659263157894737 -3.4019385161698446
1.464 -3.457428203461689
1.4620736842105264 -3.514073680227217
1.4582210526315789 -3.5695633675190614
1.452442105263158 -3.625053054810906
1.452442105263158 -3.6886332684185397
1.4505157894736842 -3.751057692552489
1.446663157894737 -3.8088589587917023
1.4543684210526318 -3.90173681232007
1.4736315789473684 -3.9932450424630006
1.481336842105263 -4.093611303087046
1.4794105263157895 -4.1939775637110905
1.4871157894736842 -4.288799927389585
1.5006000000000002 -4.393869007841088
1.5102315789473684 -4.507636891269121
1.5217894736842106 -4.631402679575603
1.5333473684210528 -4.754012678408402
1.5333473684210528 -4.8766226772412
1.5468315789473683 -4.998076886600315
1.5526105263157894 -5.112596359117323
1.560315789473684 -5.227115831634332
1.568021052631579 -5.343946883098708
1.5699473684210528 -5.466556881931506
1.5718736842105263 -5.5961016176064104
1.5699473684210528 -5.711776879597103
1.560315789473684 -5.812426878429902
1.5718736842105263 -5.938504245683752
1.5776526315789474 -6.050712139253392
1.5911368421052634 -6.166387401244085
1.598842105263158 -6.298243715866357
1.5911368421052634 -6.409295819962313
1.6277368421052634 -6.5307500293214265
1.6604842105263158 -6.659138975522646
1.6604842105263158 -6.778281605934391
1.6681894736842104 -6.904358973188242
1.6701157894736844 -7.029280550968409
1.6797473684210527 -7.153046339274891
1.6874526315789475 -7.267565811791899
1.6951578947368422 -7.382085284308909
1.6951578947368422 -7.498916335773286
1.6990105263157897 -7.6145915977639795
1.6951578947368422 -7.742980543965199
1.6970842105263158 -7.850565279640104
1.6932315789473686 -7.9673963311044815
1.6932315789473686 -8.037813986310406
1.6970842105263158 -8.11285479941107
1.6970842105263158 -8.187895612511731
1.6932315789473686 -8.269871162454498
1.7067157894736844 -8.336821449239372
1.7202 -8.407239104445296
1.745242105263158 -8.483435707019643
1.751021052631579 -8.560788099067672
1.7587263157894737 -8.638140491115703
1.7529473684210526 -8.712025514742681
1.7645052631578948 -8.791689485738079
1.7702842105263157 -8.86326293041769
1.7702842105263157 -8.935992164570981
1.7702842105263157 -9.009877188197962
1.7664315789473686 -9.083762211824938
1.7702842105263157 -9.157647235451917
1.7664315789473686 -9.230376469605211
1.7606526315789475 -9.303105703758504
1.7548736842105264 -9.376990727385481
1.745242105263158 -9.460122066801933
1.7336842105263157 -9.5420976167447
1.7317578947368422 -9.629852114055886
1.7298315789473686 -9.710671874524973
1.7356105263157897 -9.793803213941422
1.7490947368421053 -9.868844027042083
1.7587263157894737 -9.942729050669064
1.7587263157894737 -10.024704600611829
1.7587263157894737 -10.105524361080912
1.7606526315789475 -10.182876753128943
1.7645052631578948 -10.262540724124342
1.7683578947368421 -10.341048905646055
1.7722105263157897 -10.41608971874672
1.7664315789473686 -10.489974742373697
1.7664315789473686 -10.562703976526988
1.762578947368421 -10.636589000153968
1.7529473684210526 -10.71162981325463
1.7471684210526317 -10.784359047407923
1.7298315789473686 -10.869801965771742
1.7163473684210526 -10.95408909466188
1.7221263157894737 -11.038376223552014
1.6990105263157897 -11.123819141915835
1.7067157894736844 -11.201171533963864
1.714421052631579 -11.286614452327687
1.7279052631578948 -11.370901581217819
1.7471684210526317 -11.452877131160587
1.7471684210526317 -11.532541102155987
1.7471684210526317 -11.61336086262507
1.745242105263158 -11.689557465199416
1.745242105263158 -11.763442488826392
1.7433157894736844 -11.838483301927054
1.7375368421052633 -11.911212536080349
1.7394631578947368 -11.993188086023116
1.7163473684210526 -12.078631004386935
1.6913052631578946 -12.15945076485602
1.672042105263158 -12.236803156904049
1.6643368421052633 -12.293436841114577
1.6701157894736844 -12.344291577956682
1.6816736842105264 -12.405548420061944
1.6874526315789475 -12.45409157795668
1.7047894736842104 -12.509569472693522
1.7279052631578948 -12.566203156904049
1.725978947368421 -12.620525262167208
1.725978947368421 -12.674847367430363
1.7202 -12.730325262167206
1.708642105263158 -12.782335788482996
1.6951578947368422 -12.836657893746153
1.6836 -12.894447367430365
1.689378947368421 -12.951081051640891
1.6951578947368422 -13.007714735851417
1.6970842105263158 -13.06319263058826
1.7240526315789475 -13.117514735851419
1.725978947368421 -13.169525262167207
1.7317578947368422 -13.21691263058826
1.7433157894736844 -13.271234735851419
1.7529473684210526 -13.323245262167207
1.7529473684210526 -13.378723156904048
1.7471684210526317 -13.431889472693522
1.7433157894736844 -13.481588420061943
1.7375368421052633 -13.534754735851417
1.7240526315789475 -13.593699999009312
1.714421052631579 -13.650333683219838
1.7105684210526315 -13.708123156904048
1.6932315789473686 -13.765912630588259
1.7009368421052633 -13.81792315690405
1.6913052631578946 -13.873401051640892
1.7047894736842104 -13.92541157795668
1.7182736842105264 -13.978577893746154
1.7202 -14.036367367430364
1.7221263157894737 -14.094156841114575
1.7028631578947369 -14.161192630588259
1.6970842105263158 -14.216670525325101
1.6951578947368422 -14.269836841114575
1.689378947368421 -14.329937893746154
1.6874526315789475 -14.385415788482996
-0.8899578947368422 -15.088135788482996
