2.1150947368421056 1.0710568421052633
2.1324315789473687 1.0656314615703846
2.1382105263157896 1.0609998502125844
2.1555473684210527 1.0598356072758366
2.165178947368421 1.0609829432864575
2.1632526315789473 1.0632860687707624
2.172884210526316 1.0505639310971726
2.184442105263158 1.050555477634109
2.201778947368421 1.047079655749993
2.2171894736842104 1.0447596233395613
2.2133368421052633 1.0424467346746684
2.234526315789474 1.0436012144308282
2.2326 1.043599904713304
2.2248947368421055 1.0389754371010427
2.1882947368421055 1.0297278115940447
2.1555473684210527 1.0204801860870467
2.145915789473684 1.01469901812405
2.1150947368421056 1.0048840871801956
2.0881263157894736 0.9950691562363414
2.0534526315789474 0.9852542252924871
2.020705263157895 0.9742835048749485
2.001442105263158 0.9656243634047784
1.9937368421052633 0.9656207374832859
1.9667684210526317 0.9563707957723198
1.9359473684210526 0.9413395761549497
1.8993473684210527 0.9332430933796849
1.860821052631579 0.9274581895517886
1.837705263157895 0.913586306858917
1.8338526315789474 0.9112723189028874
1.804957894736842 0.9054909625258052
1.7683578947368421 0.8916190798329335
1.7413894736842106 0.8800587760874302
1.6951578947368422 0.868498472341927
1.6681894736842104 0.8592497475437921
1.6373684210526316 0.8500010227456574
1.635442105263158 0.8465312453159435
1.598842105263158 0.8349709415704403
1.568021052631579 0.8257222167723054
1.5391263157894737 0.8141619130268022
1.5160105263157895 0.8095363461234042
1.5102315789473684 0.8095339371147431
1.4794105263157895 0.8141546860008188
1.452442105263158 0.8042001919196542
1.4254736842105264 0.7904785810082764
1.4004315789473685 0.7770375491456702
1.3773157894736843 0.7589733593883272
1.3715368421052632 0.7247281169994053
1.365757894736842 0.668044300953893
1.3696105263157896 0.6113580191683425
1.3676842105263158 0.5455574832852648
1.3696105263157896 0.46905985920722715
1.3753894736842107 0.4036651730191654
1.3792421052631578 0.36369785525215625
1.385021052631579 0.2813923172484545
1.3830947368421054 0.2067150340528372
1.3927263157894738 0.1316846148989087
1.404284210526316 0.05576574812033419
1.4081368421052631 -0.02155952359324176
1.4158421052631578 -0.08385953214892294
1.421621052631579 -0.16772435592439205
1.4254736842105264 -0.25250629949427095
1.433178947368421 -0.3342897040260998
1.4370315789473684 -0.41952906784988675
1.4485894736842106 -0.5002306165014133
1.4505157894736842 -0.5888000525092055
1.4505157894736842 -0.6611884358854184
1.4543684210526318 -0.748273447589714
1.4601473684210526 -0.8450097192812277
1.4678526315789473 -0.93174565036256
1.469778947368421 -1.0182019047752426
1.4736315789473684 -1.1000350012931883
1.469778947368421 -1.1880643940173465
1.464 -1.2776716156701298
1.4620736842105264 -1.3708503526960274
1.4659263157894737 -1.4637438082204475
1.4736315789473684 -1.5633227962281113
1.4736315789473684 -1.655967047393669
1.469778947368421 -1.7539765850600002
1.4755578947368422 -1.8602339252589215
1.4794105263157895 -1.9595778603106568
1.4736315789473684 -2.064353315170882
1.4755578947368422 -2.1695668031788466
1.4794105263157895 -2.2666897648710234
1.477484210526316 -2.3773211929776585
1.489042105263158 -2.4877640891784476
1.4871157894736842 -2.5911014439013353
1.4909684210526317 -2.6937214313550166
1.489042105263158 -2.7991794845164795
1.489042105263158 -2.9034817482042583
1.4909684210526317 -3.022413415383885
1.4871157894736842 -3.1353971718892484
1.4794105263157895 -3.2565767344479135
1.4736315789473684 -3.373478625701813
1.4620736842105264 -3.499982677446295
1.4601473684210526 -3.6253277201229435
1.4601473684210526 -3.756451710168013
1.4659263157894737 -3.8898000607917207
1.4620736842105264 -4.016623289783723
1.452442105263158 -4.128446852360479
1.446663157894737 -4.24288267021822
1.452442105263158 -4.353851119654909
1.4370315789473684 -4.459114435971554
1.4274 -4.570963152731851
1.421621052631579 -4.684572701724323
1.4235473684210527 -4.7987984242915696
1.4196947368421053 -4.915687791661335
1.4158421052631578 -5.033732948504785
1.4196947368421053 -5.157324779832177
1.4177684210526318 -5.277511769325774
1.4139157894736842 -5.4001214124190104
1.4196947368421053 -5.526250790159912
1.4177684210526318 -5.668346328712961
1.4119894736842107 -5.8069744988449585
1.398505263157895 -5.947537114074601
1.3908 -6.083853350360815
1.398505263157895 -6.23322563019753
1.402357894736842 -6.396628524289504
1.404284210526316 -6.5694607649755135
1.4081368421052631 -6.742293005661521
1.402357894736842 -6.919582081177472
1.4100631578947367 -7.100762394121729
1.4081368421052631 -7.29879022822065
1.4254736842105264 -7.505862764902503
1.433178947368421 -7.7262181150789
1.4254736842105264 -7.938018287268369
1.4312526315789473 -8.152130038405208
1.4351052631578949 -8.353749171701544
1.433178947368421 -8.571369256606841
1.438957894736842 -8.790049767774951
1.4428105263157895 -9.028911683267381
1.444736842105263 -9.274708335601916
1.4505157894736842 -9.530732383799908
1.4543684210526318 -9.775620524250078
1.4659263157894737 -10.034024649167161
1.481336842105263 -10.302488704983581
1.481336842105263 -10.570194357495385
1.477484210526316 -10.844834746849296
1.4871157894736842 -11.125905161495687
1.4967473684210528 -11.422016764285999
1.5006000000000002 -11.721885007274084
1.5102315789473684 -12.036095083889528
1.519863157894737 -12.172546488867896
1.519863157894737 -12.307842104372577
1.5275684210526317 -12.616686910361032
1.5333473684210528 -12.937033947552283
1.5429789473684212 -13.258536774217218
1.5506842105263159 -13.378083304188575
1.5641684210526317 -13.53521558435292
1.5660947368421052 -13.698126811885684
1.5718736842105263 -13.898041205800052
1.5795789473684212 -14.092176652345996
1.5834315789473683 -14.308940891283306
1.5969157894736843 -14.569945813471795
1.598842105263158 -14.77089647454278
1.6084736842105263 -14.803811389883089
1.6065473684210527 -14.835570515749714
1.6181052631578947 -15.016336464146788
1.6238842105263158 -15.032463093468918
1.6258105263157894 -15.075931650764481
1.6315894736842105 -15.111984583259728
1.6335157894736843 -15.157283831544445
1.6431473684210527 -15.327132812219505
1.6508526315789476 -15.341246485377743
1.647 -15.37076628752728
1.6431473684210527 -15.387572405466292
1.6489263157894738 -15.408610007222249
1.6489263157894738 -15.44004971424137
1.6508526315789476 -15.575218033008925
1.6527789473684211 -15.709812566949156
1.6585578947368422 -15.907175778564644
1.647 -16.116500118514114
1.647 -16.32586968316946
1.647 -16.54795293203534
1.647 -16.75821792728847
1.6412210526315791 -16.976995850224228
1.6238842105263158 -17.195681891170974
1.6412210526315791 -17.403611694220483
1.629663157894737 -17.605850471981928
1.6335157894736843 -17.81733556553285
1.6238842105263158 -18.039793414872005
1.6200315789473685 -18.24961571118474
1.6007684210526316 -18.445529014745993
1.6007684210526316 -18.674209740524365
1.6104 -18.894004625121305
1.6026947368421052 -19.102011660089882
1.6026947368421052 -19.323888168742673
1.5969157894736843 -19.534309128807894
1.5911368421052634 -19.718356169771152
1.5468315789473683 -19.92249533752827
1.5911368421052634 -20.11510123956083
1.5911368421052634 -20.312330299488128
1.5853578947368423 -20.521594176049927
1.5738 -20.714727429378947
1.562242105263158 -20.922003702449178
1.5391263157894737 -21.12959005983505
1.506378947368421 -21.339296177557262
1.517936842105263 -21.54206755843737
1.5526105263157894 -21.746475024732817
1.5449052631578948 -21.94415457694372
1.5352736842105263 -22.128497229375956
1.5237157894736841 -22.309513989786208
1.4755578947368422 -22.37308241083884
1.483263157894737 -22.42509293715463
1.494821052631579 -22.485193989786204
1.514084210526316 -22.529113989786207
1.5121578947368421 -22.579968726628316
1.5102315789473684 -22.626200305575683
1.4620736842105264 -22.677055042417788
1.4717052631578948 -22.73253293715463
1.4582210526315789 -22.782231884523053
1.4967473684210528 -22.842332937154627
1.481336842105263 -22.90127820031252
1.469778947368421 -22.950977147680945
1.4485894736842106 -23.0052992529441
1.4119894736842107 -23.03881714768095
1.4274 -23.100073989786207
1.4562947368421053 -23.172888726628315
1.4601473684210526 -23.21565293715463
1.452442105263158 -23.261884516101997
1.4505157894736842 -23.311583463470416
1.4505157894736842 -23.370528726628315
1.4119894736842107 -23.414448726628315
1.4196947368421053 -23.481484516102
1.4351052631578949 -23.527716095049367
1.4254736842105264 -23.585505568733577
1.4158421052631578 -23.635204516102
1.4119894736842107 -23.697617147680948
1.3927263157894738 -23.746160305575685
1.4004315789473685 -23.810884516101996
1.4100631578947367 -23.87445293715463
1.404284210526316 -23.920684516101996
1.402357894736842 -23.983097147680944
1.4004315789473685 -24.040886621365154
1.4004315789473685 -24.08942977925989
1.3888736842105265 -24.15299820031252
1.3965789473684211 -24.189983463470416
1.3869473684210527 -24.233903463470416
1.3869473684210527 -24.292848726628314
1.3830947368421054 -24.34948241083884
1.3830947368421054 -24.39571398978621
1.3580526315789474 -24.44310135820726
1.3811684210526318 -24.49511188452305
1.3753894736842107 -24.550589779259894
1.3715368421052632 -24.600288726628314
1.3696105263157896 -24.656922410838842
1.365757894736842 -24.713556095049366
1.3638315789473685 -24.76787820031252
1.3599789473684212 -24.823356095049366
1.3619052631578947 -24.86612030557568
1.3580526315789474 -24.918130831891467
1.3561263157894738 -24.97592030557568
1.3561263157894738 -25.03370977925989
1.3503473684210527 -25.083408726628313
1.348421052631579 -25.1354192529441
1.3542 -25.180495042417785
1.3522736842105263 -25.227882410838838
1.348421052631579 -25.282204516102
1.3464947368421054 -25.334215042417785
1.3368631578947368 -25.380446621365152
1.329157894736842 -25.423210831891467
1.329157894736842 -25.469442410838838
1.3368631578947368 -25.519141358207257
1.3349368421052632 -25.573463463470414
1.3349368421052632 -25.6185392529441
1.323378947368421 -25.663615042417785
1.3176 -25.71100241083884
1.3137473684210526 -25.753766621365155
1.3137473684210526 -25.810400305575683
-1.0614000000000001 -26.686488726628312
