-0.15410526315789475 0.7589936842105263
-0.15410526315789475 0.761294946126082
-0.15410526315789475 0.7589836835716222
-0.15410526315789475 0.761294946126082
-0.15410526315789475 0.7612947985256
-0.15410526315789475 0.761294326177139
-0.15410526315789475 0.7589818466250465
-0.15410526315789475 0.7612925249676908
-0.1579578947368421 0.758947336429741
-0.15410526315789475 0.7612253057865281
-0.15410526315789475 0.7589131795927168
-0.15410526315789475 0.7612242112936423
-0.15410526315789475 0.7612236640471994
-0.15410526315789475 0.7612231168007566
-0.15410526315789475 0.7589109906069452
-0.15410526315789475 0.7612220223078707
-0.15410526315789475 0.7589098961140595
-0.15410526315789475 0.7612209278149851
-0.15410526315789475 0.7612203805685421
-0.15410526315789475 0.7589082543747309
-0.15410526315789475 0.7612192860756564
-0.15410526315789475 0.7612187388292135
-0.15410526315789475 0.7589066126354022
-0.15410526315789475 0.7612176443363277
-0.15410526315789475 0.7612170970898848
-0.1579578947368421 0.761216549843442
-0.15410526315789475 0.7612160025969991
-0.15410526315789475 0.7612154553505561
-0.1579578947368421 0.7612149081041133
-0.15410526315789475 0.7612143608576705
-0.15410526315789475 0.7612138136112275
-0.15410526315789475 0.763524845312153
-0.15410526315789475 0.7612127191183418
-0.15410526315789475 0.7623679613455832
-0.15410526315789475 0.7623674140991402
-0.15410526315789475 0.7623668668526973
-0.1579578947368421 0.7623663196062545
-0.1579578947368421 0.7623657723598116
-0.15603157894736844 0.7600536461660002
-0.15603157894736844 0.7623646778669257
-0.15603157894736844 0.7635199200941671
-0.1598842105263158 0.7612077939003559
-0.15410526315789475 0.7612072466539129
-0.1579578947368421 0.7588951204601017
-0.1579578947368421 0.7565829942662903
-0.16181052631578946 0.754270868072479
-0.16373684210526318 0.7542703208260362
-0.1598842105263158 0.7519581946322248
-0.16373684210526318 0.7496460684384135
-0.16373684210526318 0.7496455211919706
-0.16373684210526318 0.7484891844718435
-0.16373684210526318 0.7461770582780323
-0.16758947368421054 0.7427091426105368
-0.1714421052631579 0.7403970164167254
-0.16758947368421054 0.7380848902229141
-0.1714421052631579 0.7357727640291027
-0.16951578947368423 0.7334606378352915
-0.1714421052631579 0.7288369326941118
-0.1714421052631579 0.7288363854476689
-0.1714421052631579 0.7242126803064892
-0.1733684210526316 0.7207447646389936
-0.1733684210526316 0.7184326384451823
-0.17722105263157897 0.7138089333040026
-0.17722105263157897 0.7080294386891387
-0.18107368421052633 0.70918468091638
-0.17914736842105264 0.7068725547225687
-0.183 0.7010930601077048
-0.183 0.6964693549665251
-0.18685263157894738 0.6918456498253454
-0.18685263157894738 0.6849103657367972
-0.18685263157894738 0.6872213974377227
-0.19070526315789477 0.6802861133491745
-0.18877894736842105 0.6779739871553633
-0.19263157894736843 0.6710387030668151
-0.19263157894736843 0.6664149979256354
-0.1964842105263158 0.6617912927844557
-0.1964842105263158 0.662946535011697
-0.20033684210526315 0.6560112509231488
-0.20033684210526315 0.6490759668346007
-0.20418947368421053 0.644452261693421
-0.20804210526315792 0.6375169776048728
-0.20804210526315792 0.6328932724636931
-0.20804210526315792 0.6328927252172503
-0.20804210526315792 0.6282690200760706
-0.21189473684210527 0.6213337359875224
-0.21189473684210527 0.6143984518989742
-0.21382105263157894 0.6097747467577945
-0.21574736842105263 0.6005278837218779
-0.21960000000000002 0.600527336475435
-0.22345263157894737 0.5935920523868868
-0.21960000000000002 0.5901241367193913
-0.22537894736842107 0.5808772736834749
-0.22923157894736843 0.576253568542295
-0.22537894736842107 0.5646951265590101
-0.2330842105263158 0.5646945793125673
-0.22923157894736843 0.5577592952240191
-0.2330842105263158 0.550824011135471
-0.2330842105263158 0.5415771480995544
-0.23693684210526317 0.5369534429583747
-0.23693684210526317 0.5277065799224581
-0.24078947368421053 0.5277060326760151
-0.24464210526315788 0.520770748587467
-0.24464210526315788 0.5138354644989188
-0.2484947368421053 0.508055969884055
-0.25234736842105265 0.5011206857955067
-0.25234736842105265 0.4930296122332744
-0.2484947368421053 0.4953406439342
-0.25620000000000004 0.48609378089828337
-0.25620000000000004 0.4803142862834195
-0.26390526315789475 0.4733790021948713
-0.26390526315789475 0.4664437181063231
-0.26390526315789475 0.45835264454409075
-0.2677578947368421 0.45719630782396375
-0.2716105263157895 0.4502610237354155
-0.2696842105263158 0.44332573964686744
-0.2735368421052632 0.43754624503200346
-0.2735368421052632 0.4329225398908238
-0.2812421052631579 0.4271430452759598
-0.2773894736842105 0.4271424980295169
-0.2850947368421053 0.42251879288833716
-0.2889473684210526 0.4178950877471575
-0.2889473684210526 0.41095980365860935
-0.2928 0.4063360985174296
-0.29665263157894733 0.40171239337624987
-0.29665263157894733 0.40402342507717537
-0.29665263157894733 0.39939971993599566
-0.3043578947368421 0.3970875937421844
-0.3043578947368421 0.3947754675483731
-0.3082105263157895 0.3889959729335092
-0.3120631578947369 0.3866838467396979
-0.3120631578947369 0.386683299493255
-0.3120631578947369 0.3843711732994437
-0.31784210526315787 0.3797474681582639
-0.31784210526315787 0.3774353419644526
-0.32169473684210526 0.3728116368232729
-0.3236210526315789 0.37281108957682996
-0.32169473684210526 0.36934317390933447
-0.3255473684210527 0.36934262666289164
-0.3313263157894737 0.3681862899427646
-0.3313263157894737 0.36356258480158476
-0.3313263157894737 0.3624062480814577
-0.33710526315789474 0.36009412188764633
-0.33903157894736846 0.3600935746412035
-0.3428842105263158 0.35778144844739224
-0.3428842105263158 0.35546932225358097
-0.34866315789473684 0.3531571960597696
-0.3467368421052632 0.3508450698659583
-0.35251578947368417 0.34853294367214704
-0.35251578947368417 0.3473766069520199
-0.3582947368421053 0.3496876386529454
-0.3582947368421053 0.34737551245913423
-0.3640736842105263 0.34621917573900707
-0.3679263157894737 0.34737441796624835
-0.3698526315789474 0.3462180812461213
-0.366 0.349684902420731
-0.37177894736842104 0.3508401446479724
-0.37948421052631576 0.3519953868752137
-0.38141052631578953 0.3543064185761392
-0.38141052631578953 0.3543058713296964
-0.3871894736842106 0.35430532408325344
-0.3871894736842106 0.3554605663104947
-0.3910421052631579 0.3554600190640519
-0.3948947368421053 0.35545947181760895
-0.3948947368421053 0.3531473456237978
-0.39874736842105263 0.3554583773247233
-0.4026 0.35545783007828036
-0.4026 0.3554572828318374
-0.4045263157894737 0.3519893671643419
-0.41223157894736845 0.3519888199178991
-0.41608421052631583 0.3554556410925088
-0.41993684210526316 0.355455093846066
-0.41993684210526316 0.35545454659962306
-0.41993684210526316 0.3531424204058118
-0.4257157894736842 0.3519860836856846
-0.4295684210526316 0.35429711538661024
-0.4295684210526316 0.35198498919279886
-0.4372736842105263 0.3508286524726718
-0.4411263157894737 0.34851652627886054
-0.4411263157894737 0.34620440008504916
-0.44883157894736847 0.34620385283860633
-0.44883157894736847 0.3462033055921634
-0.4526842105263158 0.34620275834572056
-0.45461052631578946 0.3438906321519092
-0.45461052631578946 0.34389008490546635
-0.45846315789473685 0.34042216923797086
-0.46231578947368424 0.3404216219915279
-0.4642421052631579 0.3392652852714009
-0.4680947368421053 0.33926473802495793
-0.4758 0.3381084013048309
-0.4796526315789474 0.33348469616365106
-0.4796526315789474 0.332328359443524
-0.48543157894736844 0.3346393911444496
-0.48928421052631577 0.3300156860032698
-0.48928421052631577 0.330015138756827
-0.4969894736842106 0.3288588020366999
-0.49313684210526315 0.328858254790257
-0.5008421052631579 0.3265461285964457
-0.49891578947368426 0.3277013708236871
-0.5027684210526315 0.32538924462987573
-0.5027684210526315 0.32192132896238024
-0.5104736842105264 0.31960920276856886
-0.5143263157894737 0.31960865552212603
-0.5143263157894737 0.3196081082756831
-0.5143263157894737 0.3149844031345035
-0.5143263157894737 0.31613964536174477
-0.5316631578947368 0.3149833086416177
-0.5335894736842105 0.3149827613951748
-0.5355157894736842 0.3126706352013635
-0.5355157894736842 0.3138258774286048
-0.5374421052631578 0.3103579617611092
-0.5374421052631578 0.30920162504098214
-0.5451473684210526 0.3149800251629604
-0.5470736842105264 0.3103563200217806
-0.5528526315789474 0.30342103593323244
-0.5509263157894737 0.3034204886867896
-0.554778947368421 0.299952573019294
-0.5586315789473685 0.29764044682548274
-0.5644105263157896 0.2976398995790399
-0.5644105263157896 0.2930161944378602
-0.5682631578947369 0.29301564719141726
-0.5682631578947369 0.29417088941865865
-0.5721157894736842 0.27308836700851236
-0.5721157894736842 0.2543174235457346
-0.5759684210526317 0.2320791116619042
-0.5836736842105263 0.21357893417280838
-0.5836736842105263 0.19161138826266
-0.5836736842105263 0.17311121077356417
-0.5875263157894737 0.15087616231796885
-0.5894526315789473 0.13144742319041125
-0.5971578947368422 0.11059029479682891
-0.5971578947368422 0.09144619462248604
-0.5990842105263158 0.07140684257453211
-0.5990842105263158 0.04905591157920974
-0.6029368421052632 0.03015805312054043
-0.6067894736842105 0.0076160871261299334
-0.6087157894736842 -0.015128284550301685
-0.6106421052631579 -0.03636619111980022
-0.616421052631579 -0.05775166717693958
-0.616421052631579 -0.07682556428671072
-0.6183473684210526 -0.09887367786752599
-0.6241263157894738 -0.12003903869225707
-0.6222000000000001 -0.1408411886078268
-0.6279789473684211 -0.16292154315049256
-0.6318315789473684 -0.18293471785906912
-0.6299052631578947 -0.199480524146593
-0.6376105263157895 -0.21838676239725785
-0.6395368421052632 -0.23432628368783692
-0.6414631578947368 -0.2516320167159555
-0.6433894736842105 -0.26869723797848055
-0.5836736842105263 -0.25226202028141753
-0.5836736842105263 -0.2762794341633018
-0.5817473684210526 -0.29851131860701174
-0.5875263157894737 -0.3193087842634649
-0.5875263157894737 -0.34303629922294554
-0.5894526315789473 -0.3652919242839828
-0.5971578947368422 -0.3876484348783201
-0.5990842105263158 -0.4146281033673943
-0.6029368421052632 -0.4399176790548708
-0.6106421052631579 -0.4652812745193814
-0.6125684210526317 -0.4943755448593071
-0.6222000000000001 -0.5227304919742536
-0.6202736842105263 -0.5497644666513931
-0.6222000000000001 -0.5767984413285324
-0.6241263157894738 -0.6046314960080897
-0.6356842105263157 -0.635071010735735
-0.6510947368421054 -0.6631453816545548
-0.6568736842105263 -0.6928469958536893
-0.664578947368421 -0.718162331533878
-0.664578947368421 -0.7457892461614352
-0.6761368421052631 -0.7721235916735608
-0.6838421052631579 -0.8033254450327704
-0.6876947368421054 -0.8277484111623111
-0.6954 -0.8602582324711602
-0.6992526315789475 -0.8822689453574327
-0.6992526315789475 -0.9181491319279159
-0.7108105263157894 -0.9467292442530796
-0.7165894736842106 -0.9821920403585506
-0.726221052631579 -1.0138242011243177
-0.7339263157894736 -1.050339603957589
-0.7416315789473685 -1.0847839940631134
-0.7454842105263159 -1.1238515420633752
-0.7589684210526315 -1.1620693204238752
-0.7666736842105264 -1.199347702113014
-0.780157894736842 -1.237957267453368
-0.7936421052631579 -1.2749595540491994
-0.8071263157894737 -1.3139338609870337
-0.8071263157894737 -1.3575313258196045
-0.8186842105263158 -1.3947237514007131
-0.8225368421052632 -1.4298573544795978
-0.8263894736842106 -1.4719023260423456
-0.8283157894736842 -1.5188580066961332
-0.836021052631579 -1.565210913513181
-0.8340947368421052 -1.6150311887512805
-0.8418 -1.6664694878221349
-0.8514315789473684 -1.7141402035641562
-0.8649157894736843 -1.7626165288629956
-0.8745473684210526 -1.8128074852176934
-0.8880315789473684 -1.8690625725683452
-0.8918842105263158 -1.923006080971628
-0.9053684210526316 -1.9750288284888011
-0.9188526315789475 -2.0294492825956403
-0.9342631578947369 -2.0834723032307854
-0.940042105263158 -2.1373293115699035
-0.9496736842105263 -2.1898238153935634
-0.9496736842105263 -2.2469414771119602
-0.9612315789473685 -2.300826323144991
-0.9650842105263159 -2.3535057137778357
-0.9747157894736842 -2.411959775136832
-0.9862736842105263 -2.4680159970726234
-0.9939789473684212 -2.5189234882869282
-0.9882000000000001 -2.583700453185444
-0.9959052631578947 -2.635782740026581
-0.9978315789473685 -2.691801990681042
-1.0093894736842106 -2.7442538714457325
-1.0151684210526317 -2.7958216446769626
-1.0209473684210528 -2.8527060194771754
-1.0248000000000002 -2.914213552172124
-1.0344315789473684 -2.973126288952839
-1.0479157894736841 -3.0270528832834973
-1.0614000000000001 -3.0815391966162826
-1.0691052631578948 -3.131053530638241
-1.0710315789473683 -3.178299364981758
-1.0633263157894737 -3.2382588835358006
-1.0652526315789475 -3.281802334750856
-1.067178947368421 -3.323884765724316
-1.067178947368421 -3.3770706679418683
-1.0691052631578948 -3.4225081478453308
-1.0902947368421052 -3.477233966068503
-1.092221052631579 -3.538894521133781
-1.092221052631579 -3.5778775158448393
-1.1057052631578947 -3.629557912711723
-1.1076315789473685 -3.6722305337679955
-1.117263157894737 -3.7238995839197844
-1.1153368421052632 -3.7797195025319748
-1.1153368421052632 -3.835539421144165
-1.121115789473684 -3.890880704122845
-1.1423052631578947 -3.939116749518632
-1.159642105263158 -3.9884914642031846
-1.1692736842105262 -4.040743149239966
-1.1750526315789473 -4.0895386209113616
-1.1769789473684211 -4.149891987319598
-1.1866105263157893 -4.202275749533411
-1.1885368421052633 -4.263106555378685
-1.1981684210526315 -4.331995062993032
-1.2000947368421053 -4.371917022189372
-1.2212842105263157 -4.432907689904142
-1.2251368421052633 -4.492742568145228
-1.232842105263158 -4.544597003780702
-1.2463263157894737 -4.589161282346682
-1.2482526315789475 -4.663835569766338
-1.2540315789473686 -4.736108182208457
-1.2578842105263157 -4.804600675533783
-1.2559578947368422 -4.862691063595952
-1.2713684210526315 -4.931798156303248
-1.2771473684210526 -4.994093249271982
-1.2848526315789475 -5.068517325022761
-1.2887052631578948 -5.135689404687286
-1.2810000000000001 -5.208305162191
-1.2810000000000001 -5.272830393378927
-1.275221052631579 -5.34926038522772
-1.2848526315789475 -5.420098406071588
-1.2964105263157897 -5.487285952477857
-1.3002631578947368 -5.572581563301234
-1.3041157894736843 -5.64618337396714
-1.306042105263158 -5.715162026738309
-1.3098947368421054 -5.800263641605419
-1.311821052631579 -5.8899884143672665
-1.3041157894736843 -5.977401608181745
-1.2000947368421053 -5.860240065154119
-1.1500105263157894 -5.914135364231755
-1.1500105263157894 -5.983055926467286
-1.1500105263157894 -6.051976488702818
-1.1577157894736845 -6.120897050938351
-1.1731263157894738 -6.195596560542302
-1.2289894736842104 -6.261049754356781
-1.213578947368421 -6.309166106065996
-1.2309157894736844 -6.387332984091001
-1.2058736842105264 -6.474746177905481
-1.1789052631578947 -6.535576213825221
-1.1827578947368422 -6.596406249744964
-1.1885368421052633 -6.664171022506811
-1.2058736842105264 -6.735403163689712
-1.2097263157894738 -6.804323725925244
-1.2463263157894737 -6.8720884986870905
-1.2270631578947369 -6.942164850396306
-1.1943157894736844 -6.999527517894996
-1.2000947368421053 -7.0592017643410525
-1.2058736842105264 -7.121187589734479
-1.2039473684210527 -7.19010815197001
-1.2116526315789473 -7.255561345784489
-1.2540315789473686 -7.326793486967389
-1.250178947368421 -7.392246680781868
-1.232842105263158 -7.448453558806875
-1.2174315789473684 -7.506972015779247
-1.2193578947368422 -7.574736788541095
-1.2212842105263157 -7.639034192881889
-1.2232105263157895 -7.704487386696368
-1.2289894736842104 -7.765317422616111
-1.2771473684210526 -7.837705353272694
-1.2598105263157895 -7.888133283929278
-1.2559578947368422 -7.958209635638493
-1.2366947368421053 -8.0144165136635
-1.238621052631579 -8.078713918004294
-1.2424736842105264 -8.145322901292456
-1.238621052631579 -8.207308726685882
-1.269442105263158 -8.278540867868783
-1.2675157894736844 -8.345149851156945
-1.2675157894736844 -8.404824097603003
-1.2482526315789475 -8.45871939668064
-1.2559578947368422 -8.514926274705646
-1.250178947368421 -8.580379468520125
-1.2578842105263157 -8.64005371496618
-1.2578842105263157 -8.710130066675397
-1.2540315789473686 -8.780206418384614
-1.2713684210526315 -8.805263093849856
-1.2559578947368422 -8.803736611420362
-1.2617368421052633 -8.809144865832975
-1.269442105263158 -8.822643646561374
-1.2655894736842104 -8.84307716413188
-1.269442105263158 -8.854264365912915
-1.269442105263158 -8.868918936115001
-1.2713684210526315 -8.888196664211822
-1.2732947368421055 -8.893604918624433
-1.2771473684210526 -8.903636330931782
-1.2810000000000001 -8.925225637975972
-1.2790736842105264 -8.951908581101229
-1.2848526315789475 -8.985526261068589
-1.2732947368421055 -9.017988151562266
-1.2790736842105264 -9.050450042055942
-1.2887052631578948 -9.08060035360225
-1.2848526315789475 -9.115373823043296
-1.2906315789473686 -9.151303081958023
-1.286778947368421 -9.183764972451701
-1.2925578947368421 -9.223161599787481
-1.286778947368421 -9.257935069228528
-1.286778947368421 -9.292708538669572
-1.2848526315789475 -9.328637797584301
-1.2983368421052632 -9.363411267025345
-1.2925578947368421 -9.39818473646639
-1.3021894736842108 -9.43180241643375
-1.2964105263157897 -9.474666412190583
-1.286778947368421 -9.510595671105316
-1.2925578947368421 -9.547680719493727
-1.2944842105263157 -9.583609978408456
-1.2944842105263157 -9.616071868902134
-1.3021894736842108 -9.653156917290547
-1.2983368421052632 -9.694865123573695
-1.3021894736842108 -9.735417540383162
-1.3041157894736843 -9.773658378245258
-1.3002631578947368 -9.811899216107358
-1.306042105263158 -9.84089373817998
-1.3079684210526314 -9.87682299709471
-1.3098947368421054 -9.91853120337786
-1.311821052631579 -9.955616251766275
-1.3137473684210526 -9.995012879102056
-1.3098947368421054 -10.046309280686577
-1.3079684210526314 -10.090670945428991
-1.3195263157894737 -10.147805214077135
-1.3156736842105263 -10.198266462242964
-1.3195263157894737 -10.24766883703437
-1.3176 -10.297071211825779
-1.3176 -10.35079198235709
-1.3137473684210526 -10.393209204524977
-1.323378947368421 -10.43051579379104
-1.3272315789473685 -10.464625411185239
-1.3310842105263159 -10.503358186474173
-1.3272315789473685 -10.542090961763108
-1.329157894736842 -10.578512158104676
-1.3195263157894737 -10.61955651234098
-1.323378947368421 -10.658289287629918
-1.329157894736842 -10.691243115550431
-1.3330105263157896 -10.732287469786735
-1.3330105263157896 -10.768708666128301
-1.3330105263157896 -10.80744144141724
-1.3330105263157896 -10.842706848285122
-1.3387894736842108 -10.877972255153004
-1.329157894736842 -10.91901660938931
-1.329157894736842 -10.954282016257192
-1.3310842105263159 -10.99070321259876
-1.3368631578947368 -11.025968619466644
-1.3349368421052632 -11.061234026334528
-1.3426421052631579 -11.101122591097146
-1.3426421052631579 -11.139855366386081
-1.3445684210526316 -11.176276562727649
-1.348421052631579 -11.212697759069219
-1.3445684210526316 -11.247963165937099
-1.3426421052631579 -11.285540151752352
-1.3426421052631579 -11.320805558620233
-1.3349368421052632 -11.345231163254198
-1.3407157894736843 -11.36186952774914
-1.3387894736842108 -11.384286839612505
-1.3426421052631579 -11.406704151475868
-1.3464947368421054 -11.433976232608359
-1.3426421052631579 -11.456625155846117
-1.3464947368421054 -11.47835145966932
-1.3445684210526316 -11.500077763492524
-1.3445684210526316 -11.520648277842044
-1.3426421052631579 -11.542374581665248
-1.3407157894736843 -11.559477727593716
-1.3349368421052632 -11.574269294574815
-1.3330105263157896 -11.593684019450652
-1.3310842105263159 -11.610787165379117
-1.3310842105263159 -11.62904610078127
-1.3310842105263159 -11.649616615130792
-1.329157894736842 -11.671342918953995
-1.3349368421052632 -11.694225012250882
-1.3368631578947368 -11.712483947653036
-1.3368631578947368 -11.736521830423607
-1.3349368421052632 -11.754780765825757
-1.3349368421052632 -11.778818648596332
-1.3387894736842108 -11.795921794524798
-1.3368631578947368 -11.816492308874318
-1.3330105263157896 -11.832439665329103
-1.3310842105263159 -11.851854390204938
-1.329157894736842 -11.871269115080773
-1.329157894736842 -11.890683839956608
-1.3272315789473685 -11.906631196411391
-1.329157894736842 -11.922578552866176
-1.3368631578947368 -11.944304856689381
-1.3368631578947368 -11.9648753710389
-1.3368631578947368 -11.986601674862104
-1.3368631578947368 -12.001393241843202
-1.3387894736842108 -12.017340598297986
-1.3387894736842108 -12.028664796858031
-1.3330105263157896 -12.081831112647507
-1.3387894736842108 -12.136153217910666
-1.3368631578947368 -12.18931953370014
-1.3387894736842108 -12.245953217910664
-1.3445684210526316 -12.301431112647506
-1.3445684210526316 -12.352285849489611
-1.3445684210526316 -12.407763744226454
-1.3503473684210527 -12.459774270542242
-1.348421052631579 -12.51871953370014
-1.3522736842105263 -12.57419742843698
-1.3522736842105263 -12.627363744226454
-1.3619052631578947 -12.680530060015927
-1.365757894736842 -12.732540586331716
-1.3696105263157896 -12.785706902121191
-1.3676842105263158 -12.84580795475277
-1.365757894736842 -12.895506902121191
-1.3696105263157896 -12.944050060015927
-1.3734631578947367 -12.994904796858034
-1.3830947368421054 -13.053850060015927
-1.3927263157894738 -13.107016375805399
-1.3888736842105265 -13.163650060015927
-1.3946526315789474 -13.223751112647507
-1.4004315789473685 -13.28038479685803
-1.4004315789473685 -13.33470690212119
-1.404284210526316 -13.39480795475277
-1.4100631578947367 -13.45490900738435
-1.4100631578947367 -13.515010060015927
-1.4139157894736842 -13.576266902121192
-1.4177684210526318 -13.63636795475277
-1.4196947368421053 -13.69646900738435
-1.4235473684210527 -13.750791112647507
-1.4196947368421053 -13.808580586331715
-1.4235473684210527 -13.866370060015926
-1.4293263157894738 -13.926471112647507
-1.433178947368421 -13.986572165279084
-1.4370315789473684 -14.044361638963295
-1.4370315789473684 -14.105618481068559
-1.433178947368421 -14.165719533700138
-1.4351052631578949 -14.22119742843698
-1.438957894736842 -14.274363744226454
-1.433178947368421 -14.335620586331716
-1.444736842105263 -14.398033217910664
-1.440884210526316 -14.460445849489611
-1.4428105263157895 -14.524014270542242
-1.4428105263157895 -14.584115323173823
-1.444736842105263 -14.64190479685803
-1.440884210526316 -14.705473217910665
-1.4428105263157895 -14.765574270542244
-1.444736842105263 -14.822207954752768
-1.440884210526316 -14.878841638963296
-1.4370315789473684 -14.938942691594876
-1.440884210526316 -14.999043744226453
-1.433178947368421 -15.062612165279084
-1.4293263157894738 -15.119245849489614
-1.4235473684210527 -15.173567954752768
-1.4254736842105264 -15.226734270542243
-1.421621052631579 -15.284523744226453
-1.4293263157894738 -15.341157428436981
-1.4254736842105264 -15.400102691594872
-1.4293263157894738 -15.460203744226453
-1.4274 -15.51683742843698
-1.4235473684210527 -15.57462690212119
-1.4196947368421053 -15.6324163758054
-1.421621052631579 -15.69251742843698
-1.4177684210526318 -15.753774270542243
-1.4158421052631578 -15.81387532317382
-1.4177684210526318 -15.8739763758054
-1.4139157894736842 -15.907308295667809
-1.4139157894736842 -15.939484426056532
-1.4158421052631578 -16.000741268161796
-1.4139157894736842 -16.05968653131969
-1.4139157894736842 -16.115164426056534
-1.4062105263157896 -16.170642320793377
-1.4062105263157896 -16.22380863658285
-1.402357894736842 -16.28390968921443
-1.402357894736842 -16.334764426056534
-1.402357894736842 -16.391398110267062
-1.398505263157895 -16.444564426056534
-1.398505263157895 -16.497730741846006
-1.3927263157894738 -16.55089705763548
-1.3946526315789474 -16.60753074184601
-1.398505263157895 -16.66763179447759
-1.3927263157894738 -16.721953899740747
-1.3946526315789474 -16.782054952372324
-1.3946526315789474 -16.84100021553022
-1.3927263157894738 -16.898789689214432
-1.3888736842105265 -16.957734952372324
-1.3888736842105265 -17.01436863658285
-1.3811684210526318 -17.07215811026706
-1.3773157894736843 -17.125324426056537
-1.3715368421052632 -17.18426968921443
-1.3715368421052632 -17.243214952372323
-1.3715368421052632 -17.301004426056537
-1.3715368421052632 -17.356482320793376
-1.3676842105263158 -17.40964863658285
-1.3638315789473685 -17.462814952372323
-1.3638315789473685 -17.5159812681618
-1.3580526315789474 -17.574926531319694
-1.3599789473684212 -17.62924863658285
-1.3542 -17.68125916289864
-1.3580526315789474 -17.73904863658285
-1.348421052631579 -17.794526531319693
-1.3387894736842108 -17.852316005003903
-1.348421052631579 -17.91241705763548
-1.3426421052631579 -17.970206531319693
-1.3407157894736843 -18.022536335759963
-1.329157894736842 -18.081481598917858
-1.3368631578947368 -18.114620254481473
-1.3330105263157896 -18.14313575215035
-1.3214526315789474 -18.17280703929291
-1.329157894736842 -18.203634115909153
-1.3253052631578948 -18.221623131202556
-1.323378947368421 -18.243079514917007
-2.3828526315789476 -19.02323740965385
